time,lat,lon,trajectory
2025-06-18 22:00:53,78.228369,15.6088461,2025_IWOOS_id3
2025-06-18 23:00:38,78.228231,15.6079701,2025_IWOOS_id3
2025-06-19 00:00:54,78.2283802,15.608036,2025_IWOOS_id3
2025-06-19 01:00:38,78.228194,15.6081715,2025_IWOOS_id3
2025-06-19 02:00:52,78.2276083,,2025_IWOOS_id3
2025-06-19 03:00:38,78.2290603,15.6076883,2025_IWOOS_id3
2025-06-19 04:00:53,78.2281737,15.6083075,2025_IWOOS_id3
2025-06-19 05:00:36,78.2281774,15.6081973,2025_IWOOS_id3
2025-06-19 06:00:54,78.2283289,15.6083456,2025_IWOOS_id3
2025-06-19 07:01:08,78.2620378,15.3227555,2025_IWOOS_id3
2025-06-19 08:00:56,78.2821603,14.5913541,2025_IWOOS_id3
2025-06-19 09:00:44,78.2574356,14.3178133,2025_IWOOS_id3
2025-06-19 10:00:50,78.2571619,14.3151145,2025_IWOOS_id3
2025-06-19 11:00:36,78.2568555,14.3166114,2025_IWOOS_id3
2025-06-19 12:00:54,78.2569351,14.3170215,2025_IWOOS_id3
2025-06-19 13:00:35,78.2568612,14.3178353,2025_IWOOS_id3
2025-06-19 14:00:51,78.256931,14.3176439,2025_IWOOS_id3
2025-06-19 15:00:42,78.2570001,14.3188422,2025_IWOOS_id3
2025-06-19 16:00:53,78.2572885,14.3202198,2025_IWOOS_id3
2025-06-19 17:00:39,78.2574165,14.3205558,2025_IWOOS_id3
2025-06-19 18:00:54,78.2571909,14.3200089,2025_IWOOS_id3
2025-06-19 19:00:39,78.2569425,14.3186999,2025_IWOOS_id3
2025-06-19 20:00:53,78.256815,14.3179064,2025_IWOOS_id3
2025-06-19 21:00:38,78.2568043,14.3168263,2025_IWOOS_id3
2025-06-19 22:00:53,78.2566828,14.3158256,2025_IWOOS_id3
2025-06-19 23:00:41,78.2566922,14.3147579,2025_IWOOS_id3
2025-06-20 00:01:12,78.2566355,14.3145228,2025_IWOOS_id3
2025-06-20 01:00:40,78.2566809,14.3144245,2025_IWOOS_id3
2025-06-20 02:00:53,78.25682,14.3134128,2025_IWOOS_id3
2025-06-20 03:00:38,78.2569003,14.3133965,2025_IWOOS_id3
2025-06-20 04:00:53,78.2568079,14.3136227,2025_IWOOS_id3
2025-06-20 05:00:40,78.2567032,14.313898,2025_IWOOS_id3
2025-06-20 06:00:52,78.2565507,14.3140474,2025_IWOOS_id3
2025-06-20 07:00:41,78.2564645,14.3139346,2025_IWOOS_id3
2025-06-20 08:00:51,78.2564042,14.3140843,2025_IWOOS_id3
2025-06-20 09:00:42,78.2563104,14.3138902,2025_IWOOS_id3
2025-06-20 10:00:53,78.2562849,14.3134755,2025_IWOOS_id3
2025-06-20 11:00:40,78.2563364,14.3129025,2025_IWOOS_id3
2025-06-20 12:01:11,78.256419,14.3124821,2025_IWOOS_id3
2025-06-20 13:00:35,78.2564631,14.3124649,2025_IWOOS_id3
2025-06-20 14:00:54,78.2565358,14.3123963,2025_IWOOS_id3
2025-06-20 15:00:39,78.2565635,14.3126084,2025_IWOOS_id3
2025-06-20 16:01:14,78.2564646,14.3131172,2025_IWOOS_id3
2025-06-20 17:00:37,78.2564106,14.3139648,2025_IWOOS_id3
2025-06-20 18:00:55,78.2563974,14.3139097,2025_IWOOS_id3
2025-06-20 19:00:53,78.2563807,14.3137991,2025_IWOOS_id3
2025-06-20 20:01:20,78.2562788,14.3141144,2025_IWOOS_id3
2025-06-20 21:00:36,78.2562609,14.3140394,2025_IWOOS_id3
2025-06-20 22:00:52,78.256341,14.3136902,2025_IWOOS_id3
2025-06-20 23:00:38,78.2563663,14.312969,2025_IWOOS_id3
2025-06-21 00:00:57,78.2563084,14.3126073,2025_IWOOS_id3
2025-06-21 01:00:41,78.2564401,14.3123603,2025_IWOOS_id3
2025-06-21 02:01:14,78.2564454,14.3121607,2025_IWOOS_id3
2025-06-21 03:00:39,78.2565035,14.3119955,2025_IWOOS_id3
2025-06-21 04:00:51,78.2565092,14.3119496,2025_IWOOS_id3
2025-06-21 05:00:52,78.2564753,14.3123258,2025_IWOOS_id3
2025-06-21 06:00:52,78.2563077,14.3128117,2025_IWOOS_id3
2025-06-21 07:00:35,78.2562939,14.3130324,2025_IWOOS_id3
2025-06-21 08:00:52,78.256325,14.312495,2025_IWOOS_id3
2025-06-21 09:00:38,78.2564165,14.312286,2025_IWOOS_id3
2025-06-21 10:00:53,78.2564164,14.3122161,2025_IWOOS_id3
2025-06-21 11:00:38,78.2563477,14.3121916,2025_IWOOS_id3
2025-06-21 12:01:20,78.2561708,14.3114822,2025_IWOOS_id3
2025-06-21 13:00:39,78.2563409,14.3114314,2025_IWOOS_id3
2025-06-21 14:00:51,78.2564528,14.3114061,2025_IWOOS_id3
2025-06-21 15:00:38,78.2564939,14.3113847,2025_IWOOS_id3
2025-06-21 16:00:52,78.2565466,14.3111874,2025_IWOOS_id3
2025-06-21 17:00:52,78.2566157,14.3110943,2025_IWOOS_id3
2025-06-21 18:00:55,78.2565851,14.3116335,2025_IWOOS_id3
2025-06-21 19:00:42,78.2565507,14.3116792,2025_IWOOS_id3
2025-06-21 20:01:13,78.2564816,14.3116613,2025_IWOOS_id3
2025-06-21 21:00:36,78.2564376,14.3116188,2025_IWOOS_id3
2025-06-21 22:00:51,78.2563589,14.3120381,2025_IWOOS_id3
2025-06-21 23:00:40,78.2563334,14.3119859,2025_IWOOS_id3
2025-06-22 00:00:53,78.2563433,14.3117969,2025_IWOOS_id3
2025-06-22 01:00:35,78.256417,14.3114452,2025_IWOOS_id3
2025-06-22 02:00:52,78.2565059,14.311112,2025_IWOOS_id3
2025-06-22 03:00:58,78.2564933,14.3110671,2025_IWOOS_id3
2025-06-22 04:00:49,78.2563854,14.3116459,2025_IWOOS_id3
2025-06-22 05:00:47,78.2563361,14.3119777,2025_IWOOS_id3
2025-06-22 06:00:53,78.2564074,14.3119277,2025_IWOOS_id3
2025-06-22 07:00:41,78.2564156,14.3120115,2025_IWOOS_id3
2025-06-22 08:00:53,78.2563177,14.3120828,2025_IWOOS_id3
2025-06-22 09:00:39,78.2563524,14.3123768,2025_IWOOS_id3
2025-06-22 10:00:52,78.2563199,14.3119192,2025_IWOOS_id3
2025-06-22 11:00:37,78.2563407,14.3117445,2025_IWOOS_id3
2025-06-22 12:00:51,78.2563987,14.3117052,2025_IWOOS_id3
2025-06-22 13:00:39,78.256395,14.3115894,2025_IWOOS_id3
2025-06-22 14:00:52,78.2564086,14.3115865,2025_IWOOS_id3
2025-06-22 15:00:44,78.2563938,14.3114299,2025_IWOOS_id3
2025-06-22 16:00:54,78.2564777,14.3115029,2025_IWOOS_id3
2025-06-22 17:00:45,78.2565324,14.3111577,2025_IWOOS_id3
2025-06-22 18:00:52,78.2564808,14.3116566,2025_IWOOS_id3
2025-06-22 19:00:37,78.2565083,14.3117201,2025_IWOOS_id3
2025-06-22 20:00:50,78.2564409,14.3117985,2025_IWOOS_id3
2025-06-22 21:00:38,78.2563871,14.3120466,2025_IWOOS_id3
2025-06-22 22:00:52,78.2563601,14.312014,2025_IWOOS_id3
2025-06-22 23:00:46,78.2564082,14.3119007,2025_IWOOS_id3
2025-06-23 00:00:56,78.2564186,14.3115993,2025_IWOOS_id3
2025-06-23 01:00:41,78.2564619,14.31154,2025_IWOOS_id3
2025-06-23 02:00:52,78.2563915,14.3116779,2025_IWOOS_id3
2025-06-23 03:00:41,78.2564171,14.3113315,2025_IWOOS_id3
2025-06-23 04:01:14,78.256383,14.3117634,2025_IWOOS_id3
2025-06-23 05:00:33,78.2564039,14.3118558,2025_IWOOS_id3
2025-06-23 06:00:53,78.2564664,14.3118013,2025_IWOOS_id3
2025-06-23 07:00:42,78.2563926,14.3119214,2025_IWOOS_id3
2025-06-23 08:00:52,78.2564914,14.3124076,2025_IWOOS_id3
2025-06-23 09:00:37,78.2564522,14.3124341,2025_IWOOS_id3
2025-06-23 10:01:07,78.2563745,14.3122125,2025_IWOOS_id3
2025-06-23 11:00:33,78.2563566,14.3119588,2025_IWOOS_id3
2025-06-23 12:00:54,78.2566042,14.3117,2025_IWOOS_id3
2025-06-23 13:00:37,78.2564768,14.3115689,2025_IWOOS_id3
2025-06-23 14:00:52,78.2565239,14.3116535,2025_IWOOS_id3
2025-06-23 15:00:35,78.2564841,14.3114498,2025_IWOOS_id3
2025-06-23 16:00:54,78.2565209,14.3119586,2025_IWOOS_id3
2025-06-23 17:00:38,78.256658,14.3119117,2025_IWOOS_id3
2025-06-23 18:01:15,78.2566747,14.3125524,2025_IWOOS_id3
2025-06-23 19:00:39,78.2567982,14.312781,2025_IWOOS_id3
2025-06-23 20:00:57,78.2566115,14.312997,2025_IWOOS_id3
2025-06-23 21:00:39,78.2568758,14.313898,2025_IWOOS_id3
2025-06-23 22:00:51,78.2568619,14.3134103,2025_IWOOS_id3
2025-06-23 23:00:52,78.256639,14.3127222,2025_IWOOS_id3
2025-06-24 00:00:52,78.2563945,14.3110453,2025_IWOOS_id3
2025-06-24 01:00:38,78.2564682,14.312421,2025_IWOOS_id3
2025-06-24 02:00:53,78.2564347,14.312598,2025_IWOOS_id3
2025-06-24 03:00:42,78.2565064,14.3120496,2025_IWOOS_id3
2025-06-24 04:00:54,78.2565329,14.3122075,2025_IWOOS_id3
2025-06-24 05:00:41,78.2572396,14.3121046,2025_IWOOS_id3
2025-06-24 06:01:23,78.2567098,14.313055,2025_IWOOS_id3
2025-06-24 07:00:54,78.2568107,14.3134857,2025_IWOOS_id3
2025-06-24 08:00:52,78.2569644,14.316047,2025_IWOOS_id3
2025-06-24 09:00:45,78.2573594,14.320083,2025_IWOOS_id3
2025-06-24 10:00:51,78.2567846,14.3178141,2025_IWOOS_id3
2025-06-24 11:00:40,78.2565687,14.3142126,2025_IWOOS_id3
2025-06-24 12:01:21,78.2564528,14.3139429,2025_IWOOS_id3
2025-06-24 13:00:39,78.256477,14.3139586,2025_IWOOS_id3
2025-06-24 14:00:53,78.2563248,14.314178,2025_IWOOS_id3
2025-06-24 15:00:41,78.2563025,14.3130576,2025_IWOOS_id3
2025-06-24 16:00:53,78.2564225,14.3129271,2025_IWOOS_id3
2025-06-24 17:00:43,78.2565517,14.3130046,2025_IWOOS_id3
2025-06-24 18:01:13,78.2567554,14.3130356,2025_IWOOS_id3
2025-06-24 19:00:39,78.2569464,14.3129897,2025_IWOOS_id3
2025-06-24 20:00:54,78.2568641,14.3143299,2025_IWOOS_id3
2025-06-24 21:00:38,78.2574686,14.3191462,2025_IWOOS_id3
2025-06-24 22:00:55,78.2569918,14.3192122,2025_IWOOS_id3
2025-06-24 23:00:36,78.2565941,14.3164674,2025_IWOOS_id3
2025-06-25 00:00:51,78.256623,14.3158018,2025_IWOOS_id3
2025-06-25 01:00:42,78.2563778,14.3163496,2025_IWOOS_id3
2025-06-25 02:00:51,78.2562747,14.3157764,2025_IWOOS_id3
2025-06-25 03:00:52,78.2565359,14.314009,2025_IWOOS_id3
2025-06-25 04:00:56,78.2564459,14.313378,2025_IWOOS_id3
2025-06-25 05:00:45,78.2564764,14.3129559,2025_IWOOS_id3
2025-06-25 06:01:23,78.2566396,14.3135786,2025_IWOOS_id3
2025-06-25 07:00:36,78.2567037,14.3140262,2025_IWOOS_id3
2025-06-25 08:00:55,78.2565994,14.3160745,2025_IWOOS_id3
2025-06-25 09:00:44,78.2567245,14.3167967,2025_IWOOS_id3
2025-06-25 10:01:23,,14.3209267,2025_IWOOS_id3
2025-06-25 11:00:38,78.2568798,14.3186779,2025_IWOOS_id3
2025-06-25 12:00:55,78.2565756,14.3175498,2025_IWOOS_id3
2025-06-25 13:00:42,78.2563757,14.3169815,2025_IWOOS_id3
2025-06-25 14:00:54,78.2563521,14.3157024,2025_IWOOS_id3
2025-06-25 15:00:36,78.2563188,14.3148263,2025_IWOOS_id3
2025-06-25 16:01:16,78.2563278,14.3136666,2025_IWOOS_id3
2025-06-25 17:00:39,78.2564014,14.313669,2025_IWOOS_id3
2025-06-25 18:01:21,78.2566122,14.313825,2025_IWOOS_id3
2025-06-25 19:00:41,78.2566384,14.3143473,2025_IWOOS_id3
2025-06-25 20:00:54,78.256833,14.313697,2025_IWOOS_id3
2025-06-25 21:00:40,78.2567862,14.3146962,2025_IWOOS_id3
2025-06-25 22:00:52,78.2568861,14.315743,2025_IWOOS_id3
2025-06-25 23:00:41,,14.3170589,2025_IWOOS_id3
2025-06-26 00:00:53,78.2566266,14.3149555,2025_IWOOS_id3
2025-06-26 01:00:41,78.2565739,14.3143294,2025_IWOOS_id3
2025-06-26 02:00:53,78.2565829,14.31395,2025_IWOOS_id3
2025-06-26 03:00:39,78.2563658,14.3147695,2025_IWOOS_id3
2025-06-26 04:00:50,78.2563655,14.3137214,2025_IWOOS_id3
2025-06-26 05:00:42,78.256343,14.3132833,2025_IWOOS_id3
2025-06-26 06:00:51,78.2564597,14.3136006,2025_IWOOS_id3
2025-06-26 07:00:35,78.2566506,14.3136728,2025_IWOOS_id3
2025-06-26 08:00:54,78.2566741,14.313743,2025_IWOOS_id3
2025-06-26 09:00:39,78.2566389,14.3140435,2025_IWOOS_id3
2025-06-26 10:00:52,78.2566137,14.3152711,2025_IWOOS_id3
2025-06-26 11:00:43,78.2564616,14.3146496,2025_IWOOS_id3
2025-06-26 12:00:50,78.256434,14.3140498,2025_IWOOS_id3
2025-06-26 13:00:40,78.2565178,14.3135131,2025_IWOOS_id3
2025-06-26 14:00:52,78.256459,14.3133989,2025_IWOOS_id3
2025-06-26 15:00:38,78.2563548,14.3136531,2025_IWOOS_id3
2025-06-26 16:00:55,78.2566633,14.3132939,2025_IWOOS_id3
2025-06-26 17:00:34,78.2564396,14.3127349,2025_IWOOS_id3
2025-06-26 18:00:52,78.256498,14.3128096,2025_IWOOS_id3
2025-06-26 19:00:35,78.2565879,14.313651,2025_IWOOS_id3
2025-06-26 20:00:52,78.2565848,14.3135328,2025_IWOOS_id3
2025-06-26 21:00:51,78.2565878,14.3147621,2025_IWOOS_id3
2025-06-26 22:01:28,78.2565643,14.3160922,2025_IWOOS_id3
2025-06-26 23:00:38,78.2567512,14.3195108,2025_IWOOS_id3
2025-06-27 00:01:14,78.256334,14.3168554,2025_IWOOS_id3
2025-06-27 01:00:41,78.2562828,14.314918,2025_IWOOS_id3
2025-06-27 02:00:55,78.256267,14.3138283,2025_IWOOS_id3
2025-06-27 03:00:36,78.2563221,14.3133722,2025_IWOOS_id3
2025-06-27 04:00:52,78.256286,14.3126469,2025_IWOOS_id3
2025-06-27 05:00:35,78.2563213,14.3119628,2025_IWOOS_id3
2025-06-27 06:00:52,78.2563807,14.3114292,2025_IWOOS_id3
2025-06-27 07:00:37,78.256472,14.3119897,2025_IWOOS_id3
2025-06-27 08:00:53,78.2564449,14.3122315,2025_IWOOS_id3
2025-06-27 09:00:39,78.2565067,14.3123265,2025_IWOOS_id3
2025-06-27 10:00:52,78.2564589,14.3125767,2025_IWOOS_id3
2025-06-27 11:00:43,78.256484,14.3139103,2025_IWOOS_id3
2025-06-27 12:00:54,78.2564805,14.3148697,2025_IWOOS_id3
2025-06-27 13:00:39,78.2563873,14.3137042,2025_IWOOS_id3
2025-06-27 14:00:55,78.2563449,14.3127033,2025_IWOOS_id3
2025-06-27 15:00:37,78.2563173,14.3125614,2025_IWOOS_id3
2025-06-27 16:00:54,78.2563087,14.3124029,2025_IWOOS_id3
2025-06-27 17:00:42,78.2564161,14.3120813,2025_IWOOS_id3
2025-06-27 18:00:53,78.2564025,14.3118289,2025_IWOOS_id3
2025-06-27 19:00:40,78.2564879,14.3117053,2025_IWOOS_id3
2025-06-27 20:00:54,78.2564551,14.3120337,2025_IWOOS_id3
2025-06-27 21:00:42,78.2564315,14.3122668,2025_IWOOS_id3
2025-06-27 22:00:51,78.2565317,14.3124991,2025_IWOOS_id3
2025-06-27 23:00:41,78.2564938,14.3131659,2025_IWOOS_id3
2025-06-28 00:00:53,78.2564492,14.3138137,2025_IWOOS_id3
2025-06-28 01:00:37,78.2563527,14.3137379,2025_IWOOS_id3
2025-06-28 02:00:54,78.2563064,14.3128393,2025_IWOOS_id3
2025-06-28 03:00:36,78.2563515,14.312805,2025_IWOOS_id3
2025-06-28 04:00:52,78.2563165,14.3123783,2025_IWOOS_id3
2025-06-28 05:00:38,78.2564127,14.3118772,2025_IWOOS_id3
2025-06-28 06:00:53,78.2564459,14.3112889,2025_IWOOS_id3
2025-06-28 07:00:39,78.2564437,14.3112855,2025_IWOOS_id3
2025-06-28 08:00:56,78.2564705,14.3113653,2025_IWOOS_id3
2025-06-28 09:00:39,78.2564553,14.3116871,2025_IWOOS_id3
2025-06-28 10:01:14,78.2565162,14.3117144,2025_IWOOS_id3
2025-06-28 11:00:37,78.2565655,14.3120888,2025_IWOOS_id3
2025-06-28 12:00:51,78.2565817,14.31249,2025_IWOOS_id3
2025-06-28 13:00:38,78.2565193,14.3124006,2025_IWOOS_id3
2025-06-28 14:00:52,78.2563651,14.3118935,2025_IWOOS_id3
2025-06-28 15:00:38,78.2563515,14.3117385,2025_IWOOS_id3
2025-06-28 16:00:52,78.256432,14.3117155,2025_IWOOS_id3
2025-06-28 17:00:36,78.2564323,14.3115381,2025_IWOOS_id3
2025-06-28 18:01:21,78.2564918,14.3113127,2025_IWOOS_id3
2025-06-28 19:00:35,78.2565223,14.3111503,2025_IWOOS_id3
2025-06-28 20:00:54,78.2565171,14.3111893,2025_IWOOS_id3
2025-06-28 21:00:46,78.2565708,14.3111111,2025_IWOOS_id3
2025-06-28 22:01:03,78.2565973,14.3112245,2025_IWOOS_id3
2025-06-28 23:00:44,78.2566893,14.31092,2025_IWOOS_id3
2025-06-29 00:01:19,78.2566719,14.3113123,2025_IWOOS_id3
2025-06-29 01:00:42,78.2567057,14.3115697,2025_IWOOS_id3
2025-06-29 01:59:54,78.256828,14.3105772,2025_IWOOS_id3
2025-06-29 03:00:38,78.2565588,14.3108731,2025_IWOOS_id3
2025-06-29 04:00:52,78.2564774,14.3109657,2025_IWOOS_id3
2025-06-29 05:00:37,78.2564439,14.311044,2025_IWOOS_id3
2025-06-29 06:01:20,78.2564582,14.3107103,2025_IWOOS_id3
2025-06-29 07:00:37,78.2564696,14.3107548,2025_IWOOS_id3
2025-06-29 08:00:51,78.256576,14.3105538,2025_IWOOS_id3
2025-06-29 09:00:43,78.2566423,14.3109859,2025_IWOOS_id3
2025-06-29 10:00:57,78.2565655,14.3117821,2025_IWOOS_id3
2025-06-29 11:00:40,78.2567101,14.3111802,2025_IWOOS_id3
2025-06-29 12:00:52,78.2566451,14.3115908,2025_IWOOS_id3
2025-06-29 13:00:37,78.2566263,14.3125121,2025_IWOOS_id3
2025-06-29 14:00:52,78.2566234,14.312245,2025_IWOOS_id3
2025-06-29 15:00:42,78.2566603,14.3114298,2025_IWOOS_id3
2025-06-29 16:00:51,78.2566225,14.3114692,2025_IWOOS_id3
2025-06-29 17:00:40,78.2564911,14.311904,2025_IWOOS_id3
2025-06-29 18:00:51,78.2565728,14.3116325,2025_IWOOS_id3
2025-06-29 19:00:37,78.2565873,14.3113241,2025_IWOOS_id3
2025-06-29 20:00:56,78.2565453,14.3114118,2025_IWOOS_id3
2025-06-29 21:00:40,78.2565621,14.3120943,2025_IWOOS_id3
2025-06-29 22:00:56,78.2565882,14.312713,2025_IWOOS_id3
2025-06-29 23:00:36,78.2566963,14.3125458,2025_IWOOS_id3
2025-06-30 00:01:13,78.2567893,14.3123384,2025_IWOOS_id3
2025-06-30 01:00:39,78.2567822,14.3126394,2025_IWOOS_id3
2025-06-30 02:00:59,78.2567158,,2025_IWOOS_id3
2025-06-30 03:00:33,78.2568349,14.3122196,2025_IWOOS_id3
2025-06-30 04:00:52,78.2568269,14.3120714,2025_IWOOS_id3
2025-06-30 05:00:38,78.2565694,14.3123578,2025_IWOOS_id3
2025-06-30 06:00:56,78.2565096,14.3123427,2025_IWOOS_id3
2025-06-30 07:00:39,78.2565202,14.3121248,2025_IWOOS_id3
2025-06-30 08:00:53,78.2564905,14.3123105,2025_IWOOS_id3
2025-06-30 09:00:38,78.256447,14.3134464,2025_IWOOS_id3
2025-06-30 10:00:53,78.2565365,14.3142278,2025_IWOOS_id3
2025-06-30 11:00:39,78.2565036,14.3140057,2025_IWOOS_id3
2025-06-30 12:00:52,78.2565279,14.3134251,2025_IWOOS_id3
2025-06-30 13:00:40,78.2567143,14.3136182,2025_IWOOS_id3
2025-06-30 14:00:56,78.2567798,14.3138096,2025_IWOOS_id3
2025-06-30 15:00:39,78.2567292,14.3135227,2025_IWOOS_id3
2025-06-30 16:00:55,78.2565975,14.3136759,2025_IWOOS_id3
2025-06-30 17:00:42,78.2565101,14.313529,2025_IWOOS_id3
2025-06-30 18:00:55,78.2565178,14.3133498,2025_IWOOS_id3
2025-06-30 19:00:43,78.2564257,14.312722,2025_IWOOS_id3
2025-06-30 20:00:52,78.2564263,14.3123402,2025_IWOOS_id3
2025-06-30 21:00:44,78.2562012,,2025_IWOOS_id3
2025-06-30 22:00:53,78.2563236,14.3125108,2025_IWOOS_id3
2025-06-30 23:00:38,78.2563934,14.31251,2025_IWOOS_id3
2025-07-01 00:00:52,78.2564229,14.3120497,2025_IWOOS_id3
2025-07-01 01:00:39,78.2564673,14.3129357,2025_IWOOS_id3
2025-07-01 02:00:52,78.2564951,14.3132349,2025_IWOOS_id3
2025-07-01 03:00:42,78.2564331,14.3129745,2025_IWOOS_id3
2025-07-01 04:00:49,78.2564283,14.3127342,2025_IWOOS_id3
2025-07-01 05:00:39,78.2563435,14.3121721,2025_IWOOS_id3
2025-07-01 06:00:51,78.2562701,14.3121108,2025_IWOOS_id3
2025-07-01 07:00:44,78.2563028,14.3118368,2025_IWOOS_id3
2025-07-01 08:00:55,78.2563554,14.3119489,2025_IWOOS_id3
2025-07-01 09:00:40,78.2563797,14.3116257,2025_IWOOS_id3
2025-07-01 10:00:53,78.2564243,14.3116618,2025_IWOOS_id3
2025-07-01 11:00:39,78.2565597,14.3120372,2025_IWOOS_id3
2025-07-01 12:00:53,78.2565269,14.3121119,2025_IWOOS_id3
2025-07-01 13:00:40,78.2565501,14.3123803,2025_IWOOS_id3
2025-07-01 14:00:56,78.2565425,14.3127257,2025_IWOOS_id3
2025-07-01 15:00:46,78.2565113,14.3126513,2025_IWOOS_id3
2025-07-01 16:01:20,78.2565054,14.3129804,2025_IWOOS_id3
2025-07-01 17:00:32,78.2563937,14.3127728,2025_IWOOS_id3
2025-07-01 18:00:54,78.2564383,14.3123662,2025_IWOOS_id3
2025-07-01 19:00:37,78.2563824,14.3124163,2025_IWOOS_id3
2025-07-01 20:00:52,78.2563379,14.3123751,2025_IWOOS_id3
2025-07-01 21:00:39,78.2563685,14.3119995,2025_IWOOS_id3
2025-07-01 22:01:13,78.2563464,14.3117959,2025_IWOOS_id3
2025-07-01 23:00:40,78.2564647,14.3119324,2025_IWOOS_id3
2025-07-02 00:01:22,78.2564726,14.3116157,2025_IWOOS_id3
2025-07-02 01:00:38,,14.311283,2025_IWOOS_id3
2025-07-02 02:00:53,78.2564642,14.3120856,2025_IWOOS_id3
2025-07-02 03:01:13,78.2564797,14.3120713,2025_IWOOS_id3
2025-07-02 04:00:54,78.2565118,14.3122235,2025_IWOOS_id3
2025-07-02 05:00:42,78.2564541,,2025_IWOOS_id3
2025-07-02 06:01:13,78.25641,14.3121958,2025_IWOOS_id3
2025-07-02 07:00:38,78.2563718,14.3119118,2025_IWOOS_id3
2025-07-02 08:00:52,78.2563339,14.3116131,2025_IWOOS_id3
2025-07-02 09:00:42,78.2563814,14.311394,2025_IWOOS_id3
2025-07-02 10:00:53,78.2564067,14.3113922,2025_IWOOS_id3
2025-07-02 11:00:33,78.2564858,14.3112763,2025_IWOOS_id3
2025-07-02 12:00:52,78.2564686,14.3117039,2025_IWOOS_id3
2025-07-02 13:00:47,78.2564612,14.3115537,2025_IWOOS_id3
2025-07-02 14:00:53,78.2564836,14.3116399,2025_IWOOS_id3
2025-07-02 15:01:08,,14.3117396,2025_IWOOS_id3
2025-07-02 16:00:52,78.2565252,14.3126243,2025_IWOOS_id3
2025-07-02 17:00:39,78.2564846,14.3121975,2025_IWOOS_id3
2025-07-02 18:00:53,78.2565046,14.3113498,2025_IWOOS_id3
2025-07-02 19:00:37,78.2563849,14.311875,2025_IWOOS_id3
2025-07-02 20:00:54,78.2563434,14.312085,2025_IWOOS_id3
2025-07-02 21:00:40,78.2563409,14.3127704,2025_IWOOS_id3
2025-07-02 22:01:21,78.2563276,14.3122638,2025_IWOOS_id3
2025-07-02 23:00:37,78.2563378,14.3121881,2025_IWOOS_id3
2025-07-03 00:01:21,78.2564469,14.3122767,2025_IWOOS_id3
2025-07-03 01:00:41,78.2566555,14.3122647,2025_IWOOS_id3
2025-07-03 02:00:52,78.2566178,14.3125445,2025_IWOOS_id3
2025-07-03 03:00:58,78.256631,14.3120536,2025_IWOOS_id3
2025-07-03 04:00:51,78.256615,14.3122088,2025_IWOOS_id3
2025-07-03 05:01:10,78.2565458,14.3121656,2025_IWOOS_id3
2025-07-03 06:00:56,78.2564614,14.3119044,2025_IWOOS_id3
2025-07-03 07:00:36,78.2562828,,2025_IWOOS_id3
2025-07-03 08:00:55,78.2564709,14.3120661,2025_IWOOS_id3
2025-07-03 09:00:42,78.2563579,14.3123963,2025_IWOOS_id3
2025-07-03 10:00:53,78.2563541,14.3117422,2025_IWOOS_id3
2025-07-03 11:00:37,78.2564876,14.3120296,2025_IWOOS_id3
2025-07-03 12:00:53,78.2564635,14.3120376,2025_IWOOS_id3
2025-07-03 13:00:58,78.2564237,14.3124192,2025_IWOOS_id3
2025-07-03 14:00:52,78.2564802,14.3125888,2025_IWOOS_id3
2025-07-03 15:00:39,78.2565213,14.3126156,2025_IWOOS_id3
2025-07-03 16:00:51,78.2565804,,2025_IWOOS_id3
2025-07-03 17:00:39,78.2564645,14.3128648,2025_IWOOS_id3
2025-07-03 18:01:14,78.2565012,14.3125633,2025_IWOOS_id3
2025-07-03 19:00:39,78.2564388,14.3122507,2025_IWOOS_id3
2025-07-03 20:00:56,78.2565088,14.3119033,2025_IWOOS_id3
2025-07-03 21:00:36,78.2565677,14.3118555,2025_IWOOS_id3
2025-07-03 22:00:52,78.2564261,14.312155,2025_IWOOS_id3
2025-07-03 23:00:57,78.2563434,14.3124092,2025_IWOOS_id3
2025-07-04 00:00:56,78.2563442,14.3126817,2025_IWOOS_id3
2025-07-04 01:00:42,78.2563857,14.3124787,2025_IWOOS_id3
2025-07-04 02:00:55,78.2563548,14.3128988,2025_IWOOS_id3
2025-07-04 03:00:39,78.2564638,14.3124245,2025_IWOOS_id3
2025-07-04 04:00:55,78.2565,14.3126368,2025_IWOOS_id3
2025-07-04 05:00:40,78.2566231,14.312508,2025_IWOOS_id3
2025-07-04 06:00:51,78.2565928,14.3125764,2025_IWOOS_id3
2025-07-04 07:00:34,78.2565247,14.31254,2025_IWOOS_id3
2025-07-04 08:00:51,78.2565521,14.3123399,2025_IWOOS_id3
2025-07-04 09:00:41,78.2565942,14.3120233,2025_IWOOS_id3
2025-07-04 10:00:53,78.2567189,14.3118386,2025_IWOOS_id3
2025-07-04 11:00:33,78.2566694,14.3122307,2025_IWOOS_id3
2025-07-04 12:00:55,78.2566923,14.3125122,2025_IWOOS_id3
2025-07-04 13:00:37,78.2567718,14.3127415,2025_IWOOS_id3
2025-07-04 14:00:52,78.2569109,14.3127228,2025_IWOOS_id3
2025-07-04 15:00:37,78.2569452,14.3129476,2025_IWOOS_id3
2025-07-04 16:00:51,78.2570348,14.3129017,2025_IWOOS_id3
2025-07-04 17:00:36,78.2569615,14.3136173,2025_IWOOS_id3
2025-07-04 18:00:53,78.2570501,14.3130361,2025_IWOOS_id3
2025-07-04 19:00:36,78.2569542,14.3134441,2025_IWOOS_id3
2025-07-04 20:00:54,78.2568456,14.3136191,2025_IWOOS_id3
2025-07-04 21:00:41,78.2568098,14.3135462,2025_IWOOS_id3
2025-07-04 22:00:52,78.2567705,14.3136714,2025_IWOOS_id3
2025-07-04 23:00:39,78.2568523,14.3133142,2025_IWOOS_id3
2025-07-05 00:00:52,78.2569213,14.3135693,2025_IWOOS_id3
2025-07-05 01:00:40,78.2570139,14.3139924,2025_IWOOS_id3
2025-07-05 02:00:54,78.2569546,14.3145293,2025_IWOOS_id3
2025-07-05 03:00:39,78.2568723,14.315324,2025_IWOOS_id3
2025-07-05 04:00:54,78.2568342,14.3162054,2025_IWOOS_id3
2025-07-05 05:00:41,78.2568373,14.3166511,2025_IWOOS_id3
2025-07-05 06:00:52,78.2569588,14.315921,2025_IWOOS_id3
2025-07-05 07:00:37,78.2568503,14.3161119,2025_IWOOS_id3
2025-07-05 08:00:52,78.2569767,14.3145638,2025_IWOOS_id3
2025-07-05 09:00:40,78.2569148,14.3146151,2025_IWOOS_id3
2025-07-05 10:00:52,78.2569268,14.3143313,2025_IWOOS_id3
2025-07-05 11:00:41,78.25703,14.3146781,2025_IWOOS_id3
2025-07-05 12:00:52,78.2572032,14.3183411,2025_IWOOS_id3
2025-07-05 13:00:41,78.2570959,14.3210084,2025_IWOOS_id3
2025-07-05 14:00:56,78.2573084,14.3215481,2025_IWOOS_id3
2025-07-05 15:00:53,78.2575087,14.3220199,2025_IWOOS_id3
2025-07-05 16:01:14,78.2575554,14.3222256,2025_IWOOS_id3
2025-07-05 17:00:37,78.257615,14.322032,2025_IWOOS_id3
2025-07-05 18:00:53,78.2577636,14.3216563,2025_IWOOS_id3
2025-07-05 19:00:40,78.2574909,14.3218196,2025_IWOOS_id3
2025-07-05 20:00:53,78.2575228,14.3215954,2025_IWOOS_id3
2025-07-05 21:00:46,78.2574227,14.3216308,2025_IWOOS_id3
2025-07-05 22:00:53,78.2573847,14.3215676,2025_IWOOS_id3
2025-07-05 23:00:39,78.2573273,14.3212367,2025_IWOOS_id3
2025-07-06 00:00:53,78.2571898,14.3207963,2025_IWOOS_id3
2025-07-06 01:00:40,78.2572403,14.3207321,2025_IWOOS_id3
2025-07-06 02:00:52,78.2577513,14.3208425,2025_IWOOS_id3
2025-07-06 03:00:43,78.2579047,14.3208011,2025_IWOOS_id3
2025-07-06 04:00:55,78.2578244,14.3207063,2025_IWOOS_id3
2025-07-06 05:00:41,78.2579657,14.3208103,2025_IWOOS_id3
2025-07-06 06:00:53,78.2579769,14.3209253,2025_IWOOS_id3
2025-07-06 07:00:39,78.257953,14.3207171,2025_IWOOS_id3
2025-07-06 08:00:53,78.2579877,14.3198821,2025_IWOOS_id3
2025-07-06 09:00:38,78.2578043,14.3208344,2025_IWOOS_id3
2025-07-06 10:00:52,78.2578944,14.3202778,2025_IWOOS_id3
2025-07-06 11:00:43,78.2577414,14.320184,2025_IWOOS_id3
2025-07-06 12:00:54,78.2575974,14.3205243,2025_IWOOS_id3
2025-07-06 13:00:37,78.2575354,14.3204988,2025_IWOOS_id3
2025-07-06 14:00:53,78.2576871,14.3192416,2025_IWOOS_id3
2025-07-06 15:00:37,78.2578405,14.3196296,2025_IWOOS_id3
2025-07-06 16:00:54,78.2578898,14.320063,2025_IWOOS_id3
2025-07-06 17:00:42,78.2579283,14.3205008,2025_IWOOS_id3
2025-07-06 18:00:52,78.2578941,14.3206611,2025_IWOOS_id3
2025-07-06 19:00:43,78.2578991,14.3204464,2025_IWOOS_id3
2025-07-06 20:00:53,78.2579054,14.3201714,2025_IWOOS_id3
2025-07-06 21:00:39,78.2579623,14.3197691,2025_IWOOS_id3
2025-07-06 22:00:51,78.2579418,14.319388,2025_IWOOS_id3
2025-07-06 23:00:40,78.2578195,14.3193409,2025_IWOOS_id3
2025-07-07 00:00:54,78.2577791,14.318875,2025_IWOOS_id3
2025-07-07 01:00:38,78.2578625,14.3190293,2025_IWOOS_id3
2025-07-07 02:00:52,78.2579915,14.319336,2025_IWOOS_id3
2025-07-07 03:00:38,78.2578674,14.3199333,2025_IWOOS_id3
2025-07-07 04:01:15,78.257837,14.3196583,2025_IWOOS_id3
2025-07-07 05:00:35,78.2577729,14.3204549,2025_IWOOS_id3
2025-07-07 06:00:52,78.2577729,14.3205782,2025_IWOOS_id3
2025-07-07 07:00:35,78.2577529,14.3204891,2025_IWOOS_id3
2025-07-07 08:00:55,78.2577452,14.3201031,2025_IWOOS_id3
2025-07-07 09:00:35,78.2578131,14.3198006,2025_IWOOS_id3
2025-07-07 10:00:52,78.2576849,14.3207946,2025_IWOOS_id3
2025-07-07 11:00:37,78.2574417,14.3207465,2025_IWOOS_id3
2025-07-07 12:01:20,78.2574796,14.320888,2025_IWOOS_id3
2025-07-07 13:00:45,78.2574398,14.3210714,2025_IWOOS_id3
2025-07-07 14:00:54,78.2573905,14.3207566,2025_IWOOS_id3
2025-07-07 15:00:39,78.2574628,14.3209955,2025_IWOOS_id3
2025-07-07 16:01:14,78.2575642,14.3211286,2025_IWOOS_id3
2025-07-07 17:00:36,78.2576777,14.3213066,2025_IWOOS_id3
2025-07-07 18:00:53,78.2577362,14.3213253,2025_IWOOS_id3
2025-07-07 19:00:39,78.2577471,14.3215614,2025_IWOOS_id3
2025-07-07 20:00:52,78.2577708,14.3215296,2025_IWOOS_id3
2025-07-07 21:00:42,78.2578234,14.321383,2025_IWOOS_id3
2025-07-07 22:00:50,78.2577412,14.3212461,2025_IWOOS_id3
2025-07-07 23:01:10,78.2576672,14.3206668,2025_IWOOS_id3
2025-07-08 00:01:18,78.2575261,14.3212321,2025_IWOOS_id3
2025-07-08 01:00:40,78.257369,14.3204159,2025_IWOOS_id3
2025-07-08 02:01:14,78.25716,14.3199423,2025_IWOOS_id3
2025-07-08 03:00:35,78.2569087,,2025_IWOOS_id3
2025-07-08 04:00:52,78.2572475,14.3200511,2025_IWOOS_id3
2025-07-08 05:00:39,78.2574161,14.3204715,2025_IWOOS_id3
2025-07-08 06:00:51,78.2574947,14.3208464,2025_IWOOS_id3
2025-07-08 07:00:37,78.257344,14.3209442,2025_IWOOS_id3
2025-07-08 08:00:55,78.2572775,14.3207952,2025_IWOOS_id3
2025-07-08 09:00:40,78.2572132,14.3206655,2025_IWOOS_id3
2025-07-08 10:00:49,78.2569602,14.3193055,2025_IWOOS_id3
2025-07-08 11:00:41,78.2567941,14.3182812,2025_IWOOS_id3
2025-07-08 12:00:53,78.2567555,14.3168996,2025_IWOOS_id3
2025-07-08 13:00:41,78.2567259,14.3152721,2025_IWOOS_id3
2025-07-08 14:00:52,78.2566864,14.3139539,2025_IWOOS_id3
2025-07-08 15:00:44,78.2568725,14.3142456,2025_IWOOS_id3
2025-07-08 16:00:52,78.2569988,14.3139735,2025_IWOOS_id3
2025-07-08 17:00:42,78.2571869,14.3138605,2025_IWOOS_id3
2025-07-08 18:00:54,78.2575395,14.3150635,2025_IWOOS_id3
2025-07-08 19:00:38,78.2579955,14.3179495,2025_IWOOS_id3
2025-07-08 20:00:54,78.2579637,14.3194666,2025_IWOOS_id3
2025-07-08 21:00:37,78.2574996,14.3209661,2025_IWOOS_id3
2025-07-08 22:00:54,78.2569926,14.3202627,2025_IWOOS_id3
2025-07-08 23:00:37,78.2568567,14.3158984,2025_IWOOS_id3
2025-07-09 00:01:03,78.256925,14.3149278,2025_IWOOS_id3
2025-07-09 01:00:52,78.2568742,14.3148141,2025_IWOOS_id3
2025-07-09 02:00:53,78.2568016,14.3144615,2025_IWOOS_id3
2025-07-09 03:00:39,78.2568571,14.3138613,2025_IWOOS_id3
2025-07-09 04:00:53,78.2570233,14.3136679,2025_IWOOS_id3
2025-07-09 05:00:39,78.2572479,14.3134875,2025_IWOOS_id3
2025-07-09 06:00:55,78.2573219,14.3138859,2025_IWOOS_id3
2025-07-09 07:00:41,78.2575989,14.3147587,2025_IWOOS_id3
2025-07-09 08:01:06,78.2579092,14.3167955,2025_IWOOS_id3
2025-07-09 09:00:37,78.2579943,14.3181724,2025_IWOOS_id3
2025-07-09 10:00:52,78.2578717,14.3179581,2025_IWOOS_id3
2025-07-09 11:00:39,78.2577728,14.3189902,2025_IWOOS_id3
2025-07-09 12:01:15,78.2578338,14.316622,2025_IWOOS_id3
2025-07-09 13:00:36,78.2575792,14.3151835,2025_IWOOS_id3
2025-07-09 14:00:51,78.2576539,14.3138427,2025_IWOOS_id3
2025-07-09 15:00:38,78.2575319,14.3136524,2025_IWOOS_id3
2025-07-09 16:00:54,78.2575454,14.3144137,2025_IWOOS_id3
2025-07-09 17:00:38,78.2579554,14.3195594,2025_IWOOS_id3
2025-07-09 18:01:13,78.2578007,14.3206633,2025_IWOOS_id3
2025-07-09 19:00:37,78.2578914,14.3198497,2025_IWOOS_id3
2025-07-09 20:00:54,78.2580857,14.3198662,2025_IWOOS_id3
2025-07-09 21:00:41,78.2581182,14.3203904,2025_IWOOS_id3
2025-07-09 22:00:53,78.2580896,14.3204594,2025_IWOOS_id3
2025-07-09 23:00:36,78.2580801,14.3199715,2025_IWOOS_id3
2025-07-10 00:00:53,78.2580591,14.3194883,2025_IWOOS_id3
2025-07-10 01:00:52,78.2579974,14.3192849,2025_IWOOS_id3
2025-07-10 02:00:55,78.258108,14.3183575,2025_IWOOS_id3
2025-07-10 03:00:37,78.2580937,14.3164192,2025_IWOOS_id3
2025-07-10 04:01:20,78.2579487,14.3151435,2025_IWOOS_id3
2025-07-10 05:00:36,78.2581898,14.3172595,2025_IWOOS_id3
2025-07-10 06:00:53,78.2581923,14.3180574,2025_IWOOS_id3
2025-07-10 07:00:40,78.2582263,14.3186243,2025_IWOOS_id3
2025-07-10 08:00:56,78.2582123,14.3185755,2025_IWOOS_id3
2025-07-10 09:00:36,78.25823,14.3184082,2025_IWOOS_id3
2025-07-10 10:00:53,78.2582214,14.3177457,2025_IWOOS_id3
2025-07-10 11:00:41,78.2581643,14.315825,2025_IWOOS_id3
2025-07-10 12:00:52,78.2580293,14.3148452,2025_IWOOS_id3
2025-07-10 13:00:40,78.2578453,14.3143741,2025_IWOOS_id3
2025-07-10 14:01:20,78.2580812,14.3159704,2025_IWOOS_id3
2025-07-10 15:00:39,78.2580697,14.3163459,2025_IWOOS_id3
2025-07-10 16:00:53,78.2579594,14.3152562,2025_IWOOS_id3
2025-07-10 17:00:52,78.2578695,14.3144136,2025_IWOOS_id3
2025-07-10 18:00:52,78.2582292,14.3187612,2025_IWOOS_id3
2025-07-10 19:00:41,78.2581168,14.3203509,2025_IWOOS_id3
2025-07-10 20:00:53,78.2579416,14.3213331,2025_IWOOS_id3
2025-07-10 21:00:39,78.2579982,14.3218917,2025_IWOOS_id3
2025-07-10 22:01:14,78.2581885,14.3212588,2025_IWOOS_id3
2025-07-10 23:00:41,78.2584042,14.3205956,2025_IWOOS_id3
2025-07-11 00:00:57,78.2580454,14.3210362,2025_IWOOS_id3
2025-07-11 01:00:42,78.2582035,14.3201983,2025_IWOOS_id3
2025-07-11 02:01:12,78.2581539,14.3201213,2025_IWOOS_id3
2025-07-11 03:00:41,78.2580547,14.3201327,2025_IWOOS_id3
2025-07-11 04:00:51,78.2580558,14.3198021,2025_IWOOS_id3
2025-07-11 05:00:58,78.2580601,14.3197737,2025_IWOOS_id3
2025-07-11 06:01:20,78.2580607,14.3201592,2025_IWOOS_id3
2025-07-11 07:00:36,78.2579796,14.321557,2025_IWOOS_id3
2025-07-11 08:00:54,78.2582437,14.3206948,2025_IWOOS_id3
2025-07-11 09:00:44,78.2582695,14.3201412,2025_IWOOS_id3
2025-07-11 10:00:50,78.2583322,14.3202237,2025_IWOOS_id3
2025-07-11 11:00:34,78.2582869,14.3198974,2025_IWOOS_id3
2025-07-11 12:00:53,78.258253,14.3192504,2025_IWOOS_id3
2025-07-11 13:00:38,78.2582235,14.3193677,2025_IWOOS_id3
2025-07-11 14:00:53,78.2582421,14.3193212,2025_IWOOS_id3
2025-07-11 15:00:42,78.2582679,14.3186925,2025_IWOOS_id3
2025-07-11 16:00:55,78.2581927,14.3171034,2025_IWOOS_id3
2025-07-11 17:00:35,78.25822,14.3180057,2025_IWOOS_id3
2025-07-11 18:00:53,78.2581932,14.3196098,2025_IWOOS_id3
2025-07-11 19:00:41,78.2581783,14.3200981,2025_IWOOS_id3
2025-07-11 20:00:52,78.2581787,14.3207193,2025_IWOOS_id3
2025-07-11 21:00:40,78.2581211,14.3207586,2025_IWOOS_id3
2025-07-11 22:00:53,78.2582783,14.3198831,2025_IWOOS_id3
2025-07-11 23:00:47,78.2583065,14.3196772,2025_IWOOS_id3
2025-07-12 00:00:51,78.258312,14.3190535,2025_IWOOS_id3
2025-07-12 01:00:35,78.2582198,14.3187531,2025_IWOOS_id3
2025-07-12 02:00:51,78.2582299,14.3172628,2025_IWOOS_id3
2025-07-12 03:00:39,78.258018,14.3164237,2025_IWOOS_id3
2025-07-12 04:00:59,78.2577984,14.315439,2025_IWOOS_id3
2025-07-12 05:00:38,78.2574921,14.3148102,2025_IWOOS_id3
2025-07-12 06:00:58,78.2583251,14.3177675,2025_IWOOS_id3
2025-07-12 07:00:40,78.2582994,14.3196791,2025_IWOOS_id3
2025-07-12 08:00:54,78.2582183,14.320768,2025_IWOOS_id3
2025-07-12 09:00:52,78.2581722,14.3204958,2025_IWOOS_id3
2025-07-12 10:01:38,78.258215,14.3220676,2025_IWOOS_id3
2025-07-12 11:00:36,78.2583255,14.3218784,2025_IWOOS_id3
2025-07-12 12:00:54,78.2582978,14.3215668,2025_IWOOS_id3
2025-07-12 13:00:44,78.2582184,14.3217838,2025_IWOOS_id3
2025-07-12 14:01:21,78.258177,14.3218808,2025_IWOOS_id3
2025-07-12 15:00:41,78.2580976,14.3222683,2025_IWOOS_id3
2025-07-12 16:00:51,78.2576088,,2025_IWOOS_id3
2025-07-12 17:01:13,78.2576248,14.3220136,2025_IWOOS_id3
2025-07-12 18:00:53,78.2578385,14.3219284,2025_IWOOS_id3
2025-07-12 19:00:52,78.2578693,14.3222945,2025_IWOOS_id3
2025-07-12 20:01:14,78.25832,14.3210106,2025_IWOOS_id3
2025-07-12 21:00:39,78.25845,14.3203072,2025_IWOOS_id3
2025-07-12 22:00:54,78.2584685,14.3210591,2025_IWOOS_id3
2025-07-12 23:01:13,78.2583561,14.3218385,2025_IWOOS_id3
2025-07-13 00:00:57,78.2583544,14.3214142,2025_IWOOS_id3
2025-07-13 01:00:40,78.2582333,14.3216196,2025_IWOOS_id3
2025-07-13 02:00:51,78.2578701,14.3228095,2025_IWOOS_id3
2025-07-13 03:00:41,78.257971,14.3224691,2025_IWOOS_id3
2025-07-13 04:01:22,78.2575588,14.3230774,2025_IWOOS_id3
2025-07-13 05:00:43,78.2574438,14.3217888,2025_IWOOS_id3
2025-07-13 06:00:53,78.25746,14.3213269,2025_IWOOS_id3
2025-07-13 07:00:41,78.2579651,14.3208593,2025_IWOOS_id3
2025-07-13 08:00:54,78.2586408,,2025_IWOOS_id3
2025-07-13 09:00:39,78.258387,14.320213,2025_IWOOS_id3
2025-07-13 10:00:52,78.2584864,14.3205753,2025_IWOOS_id3
2025-07-13 11:00:37,78.2583853,14.32165,2025_IWOOS_id3
2025-07-13 12:01:14,78.2581734,14.322065,2025_IWOOS_id3
2025-07-13 13:00:39,78.2579679,14.3223137,2025_IWOOS_id3
2025-07-13 14:01:14,78.2577572,14.3220147,2025_IWOOS_id3
2025-07-13 15:00:42,78.257932,14.3209131,2025_IWOOS_id3
2025-07-13 16:01:23,78.2578995,14.3212201,2025_IWOOS_id3
2025-07-13 17:00:41,78.2579645,14.3212491,2025_IWOOS_id3
2025-07-13 18:01:23,78.258019,14.3216024,2025_IWOOS_id3
2025-07-13 19:00:43,78.257913,14.3218301,2025_IWOOS_id3
2025-07-13 20:00:54,78.2581666,14.32189,2025_IWOOS_id3
2025-07-13 21:00:41,78.2582826,14.3218518,2025_IWOOS_id3
2025-07-13 22:01:13,78.2584087,14.3217295,2025_IWOOS_id3
2025-07-13 23:00:36,78.258473,14.321753,2025_IWOOS_id3
2025-07-14 00:00:52,78.2584629,14.3212581,2025_IWOOS_id3
2025-07-14 01:00:53,78.2583782,14.3206887,2025_IWOOS_id3
2025-07-14 02:00:52,78.2580963,14.3214518,2025_IWOOS_id3
2025-07-14 03:00:35,78.258121,14.3206257,2025_IWOOS_id3
2025-07-14 04:01:20,78.2582332,14.3197428,2025_IWOOS_id3
2025-07-14 05:00:41,78.2582181,14.3200519,2025_IWOOS_id3
2025-07-14 06:00:54,78.2581996,14.3187171,2025_IWOOS_id3
2025-07-14 07:00:35,78.258308,14.3170571,2025_IWOOS_id3
2025-07-14 08:01:33,78.2585255,14.3199095,2025_IWOOS_id3
2025-07-14 09:00:59,78.2583687,14.3181925,2025_IWOOS_id3
2025-07-14 10:00:53,78.2582321,14.3210324,2025_IWOOS_id3
2025-07-14 11:00:59,78.2582753,14.3208719,2025_IWOOS_id3
2025-07-14 12:00:55,78.2583182,14.3209759,2025_IWOOS_id3
2025-07-14 13:00:36,78.2582263,14.3213232,2025_IWOOS_id3
2025-07-14 14:00:53,78.2582645,14.3206524,2025_IWOOS_id3
2025-07-14 15:00:43,78.2581182,14.3208661,2025_IWOOS_id3
2025-07-14 16:00:51,78.2580939,14.3210965,2025_IWOOS_id3
2025-07-14 17:00:38,78.2579517,14.3211575,2025_IWOOS_id3
2025-07-14 18:00:54,78.2578817,14.3207942,2025_IWOOS_id3
2025-07-14 19:00:53,78.2580707,,2025_IWOOS_id3
2025-07-14 20:00:55,78.2579966,14.321093,2025_IWOOS_id3
2025-07-14 21:00:52,78.2581672,14.3211851,2025_IWOOS_id3
2025-07-14 22:01:20,78.258043,14.3217615,2025_IWOOS_id3
2025-07-14 23:00:38,78.2579218,14.3219606,2025_IWOOS_id3
2025-07-15 00:01:21,78.2580218,14.321695,2025_IWOOS_id3
2025-07-15 01:00:38,78.2579849,14.3221225,2025_IWOOS_id3
2025-07-15 02:00:53,78.2579615,14.3219313,2025_IWOOS_id3
2025-07-15 03:00:40,78.2577791,14.321592,2025_IWOOS_id3
2025-07-15 04:00:53,78.2576834,14.3215771,2025_IWOOS_id3
2025-07-15 05:00:38,78.257233,14.3214529,2025_IWOOS_id3
2025-07-15 06:00:54,78.2567393,14.3191861,2025_IWOOS_id3
2025-07-15 07:00:34,78.2568786,14.3140634,2025_IWOOS_id3
2025-07-15 08:00:52,78.2578885,14.3157835,2025_IWOOS_id3
2025-07-15 09:01:16,78.258137,14.3208294,2025_IWOOS_id3
2025-07-15 10:00:51,78.2580182,14.3232016,2025_IWOOS_id3
2025-07-15 11:00:59,78.2578442,14.3228609,2025_IWOOS_id3
2025-07-15 12:01:15,78.2578404,14.3214603,2025_IWOOS_id3
2025-07-15 13:00:42,78.2578818,14.3217693,2025_IWOOS_id3
2025-07-15 14:01:15,78.2577018,14.3216474,2025_IWOOS_id3
2025-07-15 15:00:37,78.2573013,14.3214123,2025_IWOOS_id3
2025-07-15 16:01:13,78.2571701,14.321267,2025_IWOOS_id3
2025-07-15 17:00:38,78.2574743,14.3191915,2025_IWOOS_id3
2025-07-15 18:01:21,78.2571393,14.3148002,2025_IWOOS_id3
2025-07-15 19:00:39,78.2568912,14.3147215,2025_IWOOS_id3
2025-07-15 20:00:55,78.2568294,14.3138418,2025_IWOOS_id3
2025-07-15 21:00:38,78.256972,14.3135238,2025_IWOOS_id3
2025-07-15 22:00:54,78.2570119,14.3143432,2025_IWOOS_id3
2025-07-15 23:00:43,78.2573911,14.3139736,2025_IWOOS_id3
2025-07-16 00:00:54,78.2580238,14.3173385,2025_IWOOS_id3
2025-07-16 01:00:37,78.2579405,14.320025,2025_IWOOS_id3
2025-07-16 02:00:53,78.2578648,14.3199503,2025_IWOOS_id3
2025-07-16 03:00:35,78.2579906,14.3190209,2025_IWOOS_id3
2025-07-16 04:00:51,78.2578878,14.3169577,2025_IWOOS_id3
2025-07-16 05:00:41,78.2573668,14.3144491,2025_IWOOS_id3
2025-07-16 06:00:50,78.2574951,14.3154321,2025_IWOOS_id3
2025-07-16 07:00:38,78.257494,14.317005,2025_IWOOS_id3
2025-07-16 08:00:51,78.2569372,14.3179292,2025_IWOOS_id3
2025-07-16 09:00:38,78.2570985,14.3191285,2025_IWOOS_id3
2025-07-16 10:01:22,78.2572874,14.3203362,2025_IWOOS_id3
2025-07-16 11:00:40,78.2572644,14.3218968,2025_IWOOS_id3
2025-07-16 12:01:20,78.2575767,14.3215081,2025_IWOOS_id3
2025-07-16 13:00:38,78.2576182,14.3219418,2025_IWOOS_id3
2025-07-16 14:01:22,78.2576293,14.321689,2025_IWOOS_id3
2025-07-16 15:00:38,78.2577809,14.3213791,2025_IWOOS_id3
2025-07-16 16:00:52,78.2576234,14.3208229,2025_IWOOS_id3
2025-07-16 17:00:40,78.2572686,14.3185486,2025_IWOOS_id3
2025-07-16 18:01:21,78.2571751,14.3140373,2025_IWOOS_id3
2025-07-16 19:00:39,78.2572182,14.3136188,2025_IWOOS_id3
2025-07-16 20:00:55,78.2571806,14.3135198,2025_IWOOS_id3
2025-07-16 21:00:32,78.2570282,14.3137803,2025_IWOOS_id3
2025-07-16 22:01:25,78.2574966,14.3171294,2025_IWOOS_id3
2025-07-16 23:00:39,78.2572556,14.3181547,2025_IWOOS_id3
2025-07-17 00:00:55,78.2569127,14.3151906,2025_IWOOS_id3
2025-07-17 01:00:39,78.257299,14.3145988,2025_IWOOS_id3
2025-07-17 02:00:52,78.2573465,14.3146967,2025_IWOOS_id3
2025-07-17 03:00:42,78.257362,14.3142897,2025_IWOOS_id3
2025-07-17 04:00:51,78.2572573,14.3135543,2025_IWOOS_id3
2025-07-17 05:00:36,78.2571577,14.313607,2025_IWOOS_id3
2025-07-17 06:00:52,78.257197,14.3131734,2025_IWOOS_id3
2025-07-17 07:00:41,78.2569161,14.312981,2025_IWOOS_id3
2025-07-17 08:00:53,78.2566817,14.31292,2025_IWOOS_id3
2025-07-17 09:00:38,78.256675,14.3123866,2025_IWOOS_id3
2025-07-17 10:00:52,78.2567933,14.3128399,2025_IWOOS_id3
2025-07-17 11:00:41,78.2569738,14.3134005,2025_IWOOS_id3
2025-07-17 12:00:51,78.2570671,14.3136437,2025_IWOOS_id3
2025-07-17 13:00:41,78.2572026,14.3136236,2025_IWOOS_id3
2025-07-17 14:00:52,78.2572882,14.3139084,2025_IWOOS_id3
2025-07-17 15:00:38,78.2573144,14.3138227,2025_IWOOS_id3
2025-07-17 16:00:55,78.2572927,14.3137959,2025_IWOOS_id3
2025-07-17 17:00:35,78.2571246,14.3133234,2025_IWOOS_id3
2025-07-17 18:00:52,78.2568468,14.3134393,2025_IWOOS_id3
2025-07-17 19:00:34,78.2568686,14.3130637,2025_IWOOS_id3
2025-07-17 20:00:53,78.2567495,14.3131242,2025_IWOOS_id3
2025-07-17 21:00:58,78.2565715,14.3132374,2025_IWOOS_id3
2025-07-17 22:00:53,78.2565637,14.3131627,2025_IWOOS_id3
2025-07-17 23:00:41,78.2566041,14.3139204,2025_IWOOS_id3
2025-07-18 00:00:54,78.2567586,14.3143504,2025_IWOOS_id3
2025-07-18 01:00:40,78.2567569,14.3150099,2025_IWOOS_id3
2025-07-18 02:00:53,78.2568257,14.3153896,2025_IWOOS_id3
2025-07-18 03:00:45,78.2570084,14.314362,2025_IWOOS_id3
2025-07-18 04:00:50,78.2571091,14.3140192,2025_IWOOS_id3
2025-07-18 05:00:33,78.2568388,14.3143101,2025_IWOOS_id3
2025-07-18 06:00:52,78.2566805,14.3140203,2025_IWOOS_id3
2025-07-18 07:00:40,78.2565913,14.314438,2025_IWOOS_id3
2025-07-18 08:00:59,78.2567373,14.313956,2025_IWOOS_id3
2025-07-18 09:00:59,78.2566206,14.3137887,2025_IWOOS_id3
2025-07-18 10:00:52,78.2565639,14.3140346,2025_IWOOS_id3
2025-07-18 11:00:51,78.2566219,14.3135563,2025_IWOOS_id3
2025-07-18 12:00:53,78.2568246,14.3133484,2025_IWOOS_id3
2025-07-18 13:00:42,78.2569032,14.313762,2025_IWOOS_id3
2025-07-18 14:00:58,78.2572526,14.3136397,2025_IWOOS_id3
2025-07-18 15:00:46,78.2574695,14.3141003,2025_IWOOS_id3
2025-07-18 16:00:52,78.2573849,14.3149147,2025_IWOOS_id3
2025-07-18 17:00:42,78.2570513,14.3147132,2025_IWOOS_id3
2025-07-18 17:59:52,78.2569262,14.3146249,2025_IWOOS_id3
2025-07-18 19:00:37,78.2568361,14.3145622,2025_IWOOS_id3
2025-07-18 20:00:51,78.2570245,14.3142126,2025_IWOOS_id3
2025-07-18 21:00:41,78.2569265,14.314208,2025_IWOOS_id3
2025-07-18 22:00:52,78.2567964,14.3145336,2025_IWOOS_id3
2025-07-18 23:00:52,78.2568953,14.3152391,2025_IWOOS_id3
2025-07-19 00:00:52,78.2568847,14.3149874,2025_IWOOS_id3
2025-07-19 01:00:41,78.2568287,14.3153712,2025_IWOOS_id3
2025-07-19 02:00:51,78.2568355,14.316295,2025_IWOOS_id3
2025-07-19 03:00:52,,14.3190574,2025_IWOOS_id3
2025-07-19 04:00:51,78.2567325,14.3189258,2025_IWOOS_id3
2025-07-19 05:00:37,78.2565783,14.3176833,2025_IWOOS_id3
2025-07-19 06:00:54,78.2568169,14.3153954,2025_IWOOS_id3
2025-07-19 07:00:41,78.2568581,14.314515,2025_IWOOS_id3
2025-07-19 08:00:53,78.2569675,14.3136355,2025_IWOOS_id3
2025-07-19 09:00:41,78.2569286,14.3139895,2025_IWOOS_id3
2025-07-19 10:01:07,78.2568604,14.3126187,2025_IWOOS_id3
2025-07-19 11:01:02,78.2569705,14.3144113,2025_IWOOS_id3
2025-07-19 12:00:53,78.2570648,14.3149475,2025_IWOOS_id3
2025-07-19 13:00:37,78.2570201,14.3154122,2025_IWOOS_id3
2025-07-19 14:01:16,78.2570102,14.3155433,2025_IWOOS_id3
2025-07-19 15:00:41,78.2570491,14.3163938,2025_IWOOS_id3
2025-07-19 16:00:57,78.257103,14.3154016,2025_IWOOS_id3
2025-07-19 17:00:43,78.2572592,14.3143592,2025_IWOOS_id3
2025-07-19 18:01:14,78.2571874,14.3142117,2025_IWOOS_id3
2025-07-19 19:00:38,78.2571676,14.3141908,2025_IWOOS_id3
2025-07-19 20:00:52,78.2569088,14.315349,2025_IWOOS_id3
2025-07-19 21:00:37,78.2570982,14.3147939,2025_IWOOS_id3
2025-07-19 22:01:19,78.2569262,14.3146734,2025_IWOOS_id3
2025-07-19 23:00:40,78.2568792,14.3149615,2025_IWOOS_id3
2025-07-20 00:00:52,78.2569488,14.3146048,2025_IWOOS_id3
2025-07-20 01:00:39,78.2569002,14.314938,2025_IWOOS_id3
2025-07-20 02:00:53,78.256941,14.314713,2025_IWOOS_id3
2025-07-20 03:00:47,78.2569985,14.3142027,2025_IWOOS_id3
2025-07-20 04:00:51,78.2571424,14.3142096,2025_IWOOS_id3
2025-07-20 05:00:39,78.2572065,14.3141135,2025_IWOOS_id3
2025-07-20 06:00:54,78.2573153,14.3138433,2025_IWOOS_id3
2025-07-20 07:00:38,78.2572971,14.3140206,2025_IWOOS_id3
2025-07-20 08:00:53,78.2572695,14.3146302,2025_IWOOS_id3
2025-07-20 09:00:41,78.2571506,14.3148804,2025_IWOOS_id3
2025-07-20 10:00:53,78.2573148,14.3146181,2025_IWOOS_id3
2025-07-20 11:00:32,78.2570048,14.3147761,2025_IWOOS_id3
2025-07-20 12:00:52,78.2569619,14.314836,2025_IWOOS_id3
2025-07-20 13:00:41,78.2569957,14.314918,2025_IWOOS_id3
2025-07-20 14:00:51,78.2569984,14.3154121,2025_IWOOS_id3
2025-07-20 15:00:40,78.2571758,14.3147352,2025_IWOOS_id3
2025-07-20 16:00:51,78.2572304,14.3142835,2025_IWOOS_id3
2025-07-20 17:00:37,78.2575518,14.3143686,2025_IWOOS_id3
2025-07-20 18:00:53,78.257433,14.3146655,2025_IWOOS_id3
2025-07-20 19:00:41,78.2573723,14.3148649,2025_IWOOS_id3
2025-07-20 20:00:51,,14.3149022,2025_IWOOS_id3
2025-07-20 21:00:39,78.257437,14.3144429,2025_IWOOS_id3
2025-07-20 22:00:54,78.2573554,14.3141841,2025_IWOOS_id3
2025-07-20 23:00:40,78.2572192,14.3141241,2025_IWOOS_id3
2025-07-21 00:00:52,78.257075,14.3145409,2025_IWOOS_id3
2025-07-21 01:01:00,78.2576942,,2025_IWOOS_id3
2025-07-21 02:00:53,78.257304,14.3140552,2025_IWOOS_id3
2025-07-21 03:00:38,78.2574143,14.3145877,2025_IWOOS_id3
2025-07-21 04:00:51,78.257733,14.3138196,2025_IWOOS_id3
2025-07-21 05:00:58,78.2573185,14.3157987,2025_IWOOS_id3
2025-07-21 06:00:52,78.2570925,14.3168507,2025_IWOOS_id3
2025-07-21 07:00:39,78.2572272,14.315365,2025_IWOOS_id3
2025-07-21 08:00:52,78.2573431,14.314784,2025_IWOOS_id3
2025-07-21 09:00:38,78.2576117,14.3149504,2025_IWOOS_id3
2025-07-21 10:00:53,78.2571125,14.3155595,2025_IWOOS_id3
2025-07-21 11:00:41,78.2571567,14.3152519,2025_IWOOS_id3
2025-07-21 12:00:53,78.2571389,14.3148071,2025_IWOOS_id3
2025-07-21 13:00:40,78.257005,14.3153252,2025_IWOOS_id3
2025-07-21 14:00:53,78.2568738,14.3166796,2025_IWOOS_id3
2025-07-21 15:00:35,78.2568611,14.3186092,2025_IWOOS_id3
2025-07-21 16:00:58,78.2569306,14.3202328,2025_IWOOS_id3
2025-07-21 17:00:41,78.2571129,14.3205488,2025_IWOOS_id3
2025-07-21 18:00:52,78.2574376,14.3214109,2025_IWOOS_id3
2025-07-21 19:00:47,78.2574952,14.3215852,2025_IWOOS_id3
2025-07-21 20:00:53,78.2572729,14.3207932,2025_IWOOS_id3
2025-07-21 21:00:33,78.2570669,14.3203813,2025_IWOOS_id3
2025-07-21 22:00:52,78.256863,14.3191042,2025_IWOOS_id3
2025-07-21 23:00:41,78.2567746,14.3169506,2025_IWOOS_id3
2025-07-22 00:00:54,78.2568296,14.3152421,2025_IWOOS_id3
2025-07-22 01:00:41,78.2569047,14.3150134,2025_IWOOS_id3
2025-07-22 02:00:52,78.2568242,14.3151101,2025_IWOOS_id3
2025-07-22 03:00:43,78.2568233,14.3152575,2025_IWOOS_id3
2025-07-22 04:01:22,78.256811,14.3151855,2025_IWOOS_id3
2025-07-22 05:00:40,78.2568294,14.3154318,2025_IWOOS_id3
2025-07-22 06:00:54,78.2569937,14.3149393,2025_IWOOS_id3
2025-07-22 07:00:35,78.2569105,14.3150444,2025_IWOOS_id3
2025-07-22 08:00:53,78.2568342,14.3155255,2025_IWOOS_id3
2025-07-22 09:00:38,78.2567806,14.3155497,2025_IWOOS_id3
2025-07-22 10:00:53,78.2567835,14.3150607,2025_IWOOS_id3
2025-07-22 11:00:37,,14.3144629,2025_IWOOS_id3
2025-07-22 12:00:55,78.2567979,14.3141668,2025_IWOOS_id3
2025-07-22 13:00:41,78.2567572,14.3140902,2025_IWOOS_id3
2025-07-22 14:00:52,78.2567228,14.3140344,2025_IWOOS_id3
2025-07-22 15:00:38,78.2567446,14.3140691,2025_IWOOS_id3
2025-07-22 16:00:52,78.2568119,14.3143658,2025_IWOOS_id3
2025-07-22 17:00:35,78.256755,14.3146526,2025_IWOOS_id3
2025-07-22 18:00:53,78.2568516,14.3146776,2025_IWOOS_id3
2025-07-22 19:00:38,78.2567883,14.3151112,2025_IWOOS_id3
2025-07-22 20:00:52,78.2567665,14.31537,2025_IWOOS_id3
2025-07-22 21:00:40,78.2568018,14.314897,2025_IWOOS_id3
2025-07-22 22:00:55,78.2568165,14.3150395,2025_IWOOS_id3
2025-07-22 23:00:38,78.2567587,14.3155584,2025_IWOOS_id3
2025-07-23 00:00:55,78.2567364,14.315332,2025_IWOOS_id3
2025-07-23 01:00:41,78.2567672,14.3146794,2025_IWOOS_id3
2025-07-23 02:00:52,78.2568534,14.3139443,2025_IWOOS_id3
2025-07-23 03:00:52,78.2568385,14.3143592,2025_IWOOS_id3
2025-07-23 04:00:52,78.2567622,14.3150557,2025_IWOOS_id3
2025-07-23 05:00:41,78.2568415,14.3152613,2025_IWOOS_id3
2025-07-23 06:01:22,78.2567893,14.3159139,2025_IWOOS_id3
2025-07-23 07:00:39,78.2568517,14.3154723,2025_IWOOS_id3
2025-07-23 08:00:52,78.2568837,14.315498,2025_IWOOS_id3
2025-07-23 09:00:35,78.2569025,14.3153842,2025_IWOOS_id3
2025-07-23 10:00:52,78.2570553,14.3144828,2025_IWOOS_id3
2025-07-23 11:00:38,78.2570065,14.3146313,2025_IWOOS_id3
2025-07-23 12:00:53,78.2569807,14.3144789,2025_IWOOS_id3
2025-07-23 13:00:38,78.2569575,14.3142643,2025_IWOOS_id3
2025-07-23 14:00:54,78.2568142,14.3144454,2025_IWOOS_id3
2025-07-23 15:00:41,78.2568463,14.313685,2025_IWOOS_id3
2025-07-23 16:01:15,78.2568028,14.3145837,2025_IWOOS_id3
2025-07-23 17:00:44,78.2567867,14.3154653,2025_IWOOS_id3
2025-07-23 18:01:22,78.2567511,14.3157041,2025_IWOOS_id3
2025-07-23 19:00:36,78.2566923,14.3157585,2025_IWOOS_id3
2025-07-23 20:00:51,78.256831,14.3156764,2025_IWOOS_id3
2025-07-23 21:00:36,78.2568068,14.3162661,2025_IWOOS_id3
2025-07-23 22:00:52,78.2568001,14.3157207,2025_IWOOS_id3
2025-07-23 23:00:39,78.2568152,14.3154066,2025_IWOOS_id3
2025-07-24 00:00:56,78.2567955,14.3148615,2025_IWOOS_id3
2025-07-24 01:00:39,78.2568018,14.3140399,2025_IWOOS_id3
2025-07-24 02:00:52,78.2567733,14.3138189,2025_IWOOS_id3
2025-07-24 03:00:41,78.2567877,14.3134476,2025_IWOOS_id3
2025-07-24 04:00:51,78.2567484,14.3133624,2025_IWOOS_id3
2025-07-24 05:00:39,78.2567003,14.3139753,2025_IWOOS_id3
2025-07-24 06:01:05,78.2565734,14.3143327,2025_IWOOS_id3
2025-07-24 07:00:41,78.2566588,,2025_IWOOS_id3
2025-07-24 08:01:15,78.2569445,14.3141048,2025_IWOOS_id3
2025-07-24 09:00:37,78.2570793,14.3138225,2025_IWOOS_id3
2025-07-24 10:00:54,78.2571988,,2025_IWOOS_id3
2025-07-24 11:00:40,78.2570998,14.3138159,2025_IWOOS_id3
2025-07-24 12:00:52,78.2569028,14.3139355,2025_IWOOS_id3
2025-07-24 13:00:36,78.2569461,14.3137039,2025_IWOOS_id3
2025-07-24 14:00:55,78.2570476,14.3136571,2025_IWOOS_id3
2025-07-24 15:00:38,78.2568966,14.3139633,2025_IWOOS_id3
2025-07-24 16:01:23,78.2568055,14.3145829,2025_IWOOS_id3
2025-07-24 17:00:36,78.2568282,14.3151296,2025_IWOOS_id3
2025-07-24 18:00:55,78.2568342,14.3158007,2025_IWOOS_id3
2025-07-24 19:00:45,78.2569962,14.3152879,2025_IWOOS_id3
2025-07-24 20:00:55,78.257272,14.3160697,2025_IWOOS_id3
2025-07-24 21:00:37,78.2581452,14.3181197,2025_IWOOS_id3
2025-07-24 22:01:15,78.2580237,14.3182926,2025_IWOOS_id3
2025-07-24 23:00:38,78.2580231,14.3183859,2025_IWOOS_id3
2025-07-25 00:01:14,78.2579125,14.3177934,2025_IWOOS_id3
2025-07-25 01:00:35,78.2572589,14.3194072,2025_IWOOS_id3
2025-07-25 02:01:22,78.2568125,14.3182113,2025_IWOOS_id3
2025-07-25 03:00:39,78.2567223,14.3162193,2025_IWOOS_id3
2025-07-25 04:01:21,78.2567987,14.3149469,2025_IWOOS_id3
2025-07-25 05:00:35,78.2569336,14.3147399,2025_IWOOS_id3
2025-07-25 06:00:51,78.2568249,14.3159448,2025_IWOOS_id3
2025-07-25 07:00:40,78.2568058,14.316618,2025_IWOOS_id3
2025-07-25 08:01:21,78.257242,14.3158101,2025_IWOOS_id3
2025-07-25 09:00:36,78.2577107,14.3156349,2025_IWOOS_id3
2025-07-25 10:00:53,78.2582473,14.3186655,2025_IWOOS_id3
2025-07-25 11:00:46,78.2575267,14.3195884,2025_IWOOS_id3
2025-07-25 12:01:30,78.2570437,14.3150839,2025_IWOOS_id3
2025-07-25 13:00:42,78.2570279,14.3152333,2025_IWOOS_id3
2025-07-25 14:00:56,,14.3149451,2025_IWOOS_id3
2025-07-25 15:00:45,78.2569993,14.3147357,2025_IWOOS_id3
2025-07-25 16:01:21,78.2569952,14.3144926,2025_IWOOS_id3
2025-07-25 17:00:34,78.2568968,14.3145542,2025_IWOOS_id3
2025-07-25 18:00:55,78.2570583,14.3143506,2025_IWOOS_id3
2025-07-25 19:00:33,78.2571664,14.3144644,2025_IWOOS_id3
2025-07-25 20:00:52,78.257109,14.3149227,2025_IWOOS_id3
2025-07-25 21:00:35,78.2570888,14.3146381,2025_IWOOS_id3
2025-07-25 22:00:54,78.2572819,14.314253,2025_IWOOS_id3
2025-07-25 23:00:36,78.2572174,14.3145437,2025_IWOOS_id3
2025-07-26 00:00:53,78.2572134,14.3144201,2025_IWOOS_id3
2025-07-26 01:00:37,78.2571712,14.3143824,2025_IWOOS_id3
2025-07-26 02:00:55,78.2570114,14.3140666,2025_IWOOS_id3
2025-07-26 03:00:35,78.2570831,14.3137158,2025_IWOOS_id3
2025-07-26 04:01:20,78.2570393,14.3137333,2025_IWOOS_id3
2025-07-26 05:00:43,78.2569528,14.3137667,2025_IWOOS_id3
2025-07-26 06:00:53,78.256848,14.3146444,2025_IWOOS_id3
2025-07-26 07:00:40,78.256912,14.3153489,2025_IWOOS_id3
2025-07-26 08:00:51,78.256934,14.3153151,2025_IWOOS_id3
2025-07-26 09:00:38,78.2570753,14.3149774,2025_IWOOS_id3
2025-07-26 10:00:53,78.2571165,14.3153852,2025_IWOOS_id3
2025-07-26 11:00:37,78.2576209,14.3180013,2025_IWOOS_id3
2025-07-26 12:00:53,78.2575572,14.3202392,2025_IWOOS_id3
2025-07-26 13:00:41,78.257008,14.3193782,2025_IWOOS_id3
2025-07-26 14:01:21,78.2569025,14.3169201,2025_IWOOS_id3
2025-07-26 15:00:38,78.2568577,14.3158955,2025_IWOOS_id3
2025-07-26 16:01:14,78.2568351,14.3153419,2025_IWOOS_id3
2025-07-26 17:00:40,78.2567663,14.3147748,2025_IWOOS_id3
2025-07-26 18:00:54,78.2567685,14.3147328,2025_IWOOS_id3
2025-07-26 19:00:37,,14.3154483,2025_IWOOS_id3
2025-07-26 20:00:54,78.256778,14.3163551,2025_IWOOS_id3
2025-07-26 21:00:39,78.2567821,14.3161638,2025_IWOOS_id3
2025-07-26 22:00:51,78.2570582,14.3151291,2025_IWOOS_id3
2025-07-26 23:00:41,78.2577983,14.3152578,2025_IWOOS_id3
2025-07-27 00:01:13,78.2577477,14.3161801,2025_IWOOS_id3
2025-07-27 01:00:53,78.2570382,,2025_IWOOS_id3
2025-07-27 02:00:52,78.2567858,14.3156753,2025_IWOOS_id3
2025-07-27 03:00:39,78.2568311,14.3147519,2025_IWOOS_id3
2025-07-27 04:01:14,78.2567762,14.3146323,2025_IWOOS_id3
2025-07-27 05:00:37,78.2566751,14.3139754,2025_IWOOS_id3
2025-07-27 06:00:52,78.2566381,14.3139007,2025_IWOOS_id3
2025-07-27 07:00:44,78.256663,14.3144655,2025_IWOOS_id3
2025-07-27 09:00:40,78.2568284,14.3138401,2025_IWOOS_id3
2025-07-27 10:00:52,78.2567802,14.3143191,2025_IWOOS_id3
2025-07-27 11:00:39,78.2568781,14.3143169,2025_IWOOS_id3
2025-07-27 12:00:55,78.2568704,14.3140692,2025_IWOOS_id3
2025-07-27 13:00:51,78.2567725,14.3147433,2025_IWOOS_id3
2025-07-27 14:00:54,78.2566051,14.3143023,2025_IWOOS_id3
2025-07-27 15:00:40,78.256681,14.3136906,2025_IWOOS_id3
2025-07-27 16:00:52,78.2566267,14.313731,2025_IWOOS_id3
2025-07-27 17:00:42,78.2566444,14.3137516,2025_IWOOS_id3
2025-07-27 18:00:53,78.2566037,14.3132843,2025_IWOOS_id3
2025-07-27 19:00:38,78.2566043,14.3134795,2025_IWOOS_id3
2025-07-27 20:00:51,78.2565503,14.3148054,2025_IWOOS_id3
2025-07-27 21:00:42,78.2566247,14.3151544,2025_IWOOS_id3
2025-07-27 22:00:51,78.2567571,14.3150439,2025_IWOOS_id3
2025-07-27 23:00:36,78.2568255,14.3147163,2025_IWOOS_id3
2025-07-28 00:00:50,78.2568412,14.3148637,2025_IWOOS_id3
2025-07-28 01:00:38,78.2567565,14.314823,2025_IWOOS_id3
2025-07-28 02:00:53,78.2566912,14.3146316,2025_IWOOS_id3
2025-07-28 03:00:42,78.2566891,14.3149837,2025_IWOOS_id3
2025-07-28 04:00:54,78.2566,14.3143929,2025_IWOOS_id3
2025-07-28 05:00:41,78.2566087,14.3146886,2025_IWOOS_id3
2025-07-28 06:00:52,78.2564877,14.3141914,2025_IWOOS_id3
2025-07-28 07:00:52,78.2565475,14.3138461,2025_IWOOS_id3
2025-07-28 08:00:53,78.2566307,14.3152405,2025_IWOOS_id3
2025-07-28 09:00:42,78.2567365,14.3153876,2025_IWOOS_id3
2025-07-28 10:00:51,78.2567892,14.3156129,2025_IWOOS_id3
2025-07-28 11:00:36,78.2569046,14.3151772,2025_IWOOS_id3
2025-07-28 12:00:56,78.2571784,14.3151541,2025_IWOOS_id3
2025-07-28 13:00:35,78.2575764,14.3191298,2025_IWOOS_id3
2025-07-28 14:00:58,78.2569077,14.3179671,2025_IWOOS_id3
2025-07-28 15:00:41,78.2566568,14.3164326,2025_IWOOS_id3
2025-07-28 16:00:55,78.2566615,14.3159657,2025_IWOOS_id3
2025-07-28 17:00:41,78.2566791,14.3155218,2025_IWOOS_id3
2025-07-28 18:00:51,78.2566979,14.3149078,2025_IWOOS_id3
2025-07-28 19:00:36,78.256726,14.3143947,2025_IWOOS_id3
2025-07-28 20:00:50,78.2567367,14.3146294,2025_IWOOS_id3
2025-07-28 21:00:42,78.2567992,14.3156651,2025_IWOOS_id3
2025-07-28 22:00:55,78.2569557,14.3154511,2025_IWOOS_id3
2025-07-28 23:00:39,78.256962,14.3154935,2025_IWOOS_id3
2025-07-29 00:00:58,78.2571437,14.3152371,2025_IWOOS_id3
2025-07-29 01:00:41,78.2570712,14.3154026,2025_IWOOS_id3
2025-07-29 02:00:52,78.2568611,14.316337,2025_IWOOS_id3
2025-07-29 03:00:38,78.2569442,14.3148735,2025_IWOOS_id3
2025-07-29 04:00:53,78.256724,14.3159493,2025_IWOOS_id3
2025-07-29 05:00:44,78.2566662,14.3154363,2025_IWOOS_id3
2025-07-29 06:00:54,78.2566779,14.3149747,2025_IWOOS_id3
2025-07-29 07:00:40,78.2566098,14.3144374,2025_IWOOS_id3
2025-07-29 08:00:54,78.2566121,14.3145559,2025_IWOOS_id3
2025-07-29 09:00:40,78.2566753,14.3148607,2025_IWOOS_id3
2025-07-29 10:00:53,78.2567422,14.3149663,2025_IWOOS_id3
2025-07-29 11:00:38,78.2567455,14.3150183,2025_IWOOS_id3
2025-07-29 12:00:56,78.2568787,14.3145982,2025_IWOOS_id3
2025-07-29 13:00:41,78.2568986,14.3147442,2025_IWOOS_id3
2025-07-29 14:00:53,78.2568217,14.3152283,2025_IWOOS_id3
2025-07-29 15:00:40,78.2567611,14.3156413,2025_IWOOS_id3
2025-07-29 16:00:51,78.2567522,14.3155176,2025_IWOOS_id3
2025-07-29 17:00:39,78.2567246,14.3153638,2025_IWOOS_id3
2025-07-29 18:00:51,78.2566957,14.3152228,2025_IWOOS_id3
2025-07-29 19:00:38,78.2566474,14.3154916,2025_IWOOS_id3
2025-07-29 20:00:53,78.2566166,14.3164008,2025_IWOOS_id3
2025-07-29 21:00:59,78.2566202,14.3185378,2025_IWOOS_id3
2025-07-29 22:00:50,78.2568226,14.3200778,2025_IWOOS_id3
2025-07-29 23:00:39,78.2573778,14.3212913,2025_IWOOS_id3
2025-07-30 00:00:53,78.2579461,14.3208346,2025_IWOOS_id3
2025-07-30 01:00:41,78.2580944,14.3206831,2025_IWOOS_id3
2025-07-30 02:00:53,78.2580981,14.3208064,2025_IWOOS_id3
2025-07-30 03:00:40,78.258098,14.321264,2025_IWOOS_id3
2025-07-30 04:01:14,78.258009,14.3214717,2025_IWOOS_id3
2025-07-30 05:00:41,78.2579579,14.3216161,2025_IWOOS_id3
2025-07-30 07:00:41,78.2580495,14.3213322,2025_IWOOS_id3
2025-07-30 08:00:54,78.2581097,14.32138,2025_IWOOS_id3
2025-07-30 09:00:38,78.2579666,14.3221604,2025_IWOOS_id3
2025-07-30 10:01:21,78.2579356,14.3222934,2025_IWOOS_id3
2025-07-30 11:00:41,78.2578746,14.3220842,2025_IWOOS_id3
2025-07-30 12:00:54,78.2577811,14.3218409,2025_IWOOS_id3
2025-07-30 13:00:52,78.2579807,14.3227102,2025_IWOOS_id3
2025-07-30 14:01:24,78.2580383,14.3223715,2025_IWOOS_id3
2025-07-30 15:00:39,78.2580166,14.3221499,2025_IWOOS_id3
2025-07-30 16:00:53,78.2578739,14.3222418,2025_IWOOS_id3
2025-07-30 17:00:43,78.2580631,14.3213062,2025_IWOOS_id3
2025-07-30 18:00:52,78.2577275,14.321102,2025_IWOOS_id3
2025-07-30 19:00:52,78.2581709,14.3202382,2025_IWOOS_id3
2025-07-30 20:00:53,78.258128,14.3200247,2025_IWOOS_id3
2025-07-30 21:00:43,78.2579605,14.3208923,2025_IWOOS_id3
2025-07-30 22:00:53,78.2577656,14.3214853,2025_IWOOS_id3
2025-07-30 23:00:39,78.2574963,14.3215417,2025_IWOOS_id3
2025-07-31 00:00:53,78.2576499,14.3210814,2025_IWOOS_id3
2025-07-31 01:00:38,78.258192,14.3187745,2025_IWOOS_id3
2025-07-31 02:00:53,78.258136,14.319677,2025_IWOOS_id3
2025-07-31 03:00:35,78.2578871,14.3213854,2025_IWOOS_id3
2025-07-31 04:01:20,78.2579718,14.3199512,2025_IWOOS_id3
2025-07-31 05:00:37,78.2575929,14.3170444,2025_IWOOS_id3
2025-07-31 06:00:52,78.2571988,14.3149348,2025_IWOOS_id3
2025-07-31 07:00:38,78.2573741,14.3140487,2025_IWOOS_id3
2025-07-31 08:00:54,78.2570647,14.3149143,2025_IWOOS_id3
2025-07-31 09:00:36,78.2571134,14.3148669,2025_IWOOS_id3
2025-07-31 10:00:54,78.2571347,14.3150047,2025_IWOOS_id3
2025-07-31 11:00:38,78.2571755,14.3148512,2025_IWOOS_id3
2025-07-31 12:00:53,78.2572915,14.3148279,2025_IWOOS_id3
2025-07-31 13:00:38,78.2576385,14.315076,2025_IWOOS_id3
2025-07-31 14:00:52,78.2579016,14.3161559,2025_IWOOS_id3
2025-07-31 15:00:41,78.2580118,14.3167645,2025_IWOOS_id3
2025-07-31 16:00:51,78.2579875,14.3182965,2025_IWOOS_id3
2025-07-31 17:00:38,78.2580544,14.3184541,2025_IWOOS_id3
2025-07-31 18:00:52,78.2580347,14.318498,2025_IWOOS_id3
2025-07-31 19:00:41,78.2578306,14.3203161,2025_IWOOS_id3
2025-07-31 20:00:50,78.2574212,14.3207335,2025_IWOOS_id3
2025-07-31 21:00:40,78.2574868,14.3206864,2025_IWOOS_id3
2025-07-31 22:00:52,78.2577255,14.320503,2025_IWOOS_id3
2025-07-31 23:00:38,78.2578997,14.3204981,2025_IWOOS_id3
2025-08-01 00:00:56,78.2580147,14.3208703,2025_IWOOS_id3
2025-08-01 01:00:40,78.2578976,14.3209078,2025_IWOOS_id3
2025-08-01 02:00:54,78.2580183,14.3209105,2025_IWOOS_id3
2025-08-01 03:00:40,78.2578944,14.3214527,2025_IWOOS_id3
2025-08-01 04:00:50,78.2577976,14.3216706,2025_IWOOS_id3
2025-08-01 05:00:41,78.2577115,14.3213194,2025_IWOOS_id3
2025-08-01 06:00:54,78.2572922,14.322137,2025_IWOOS_id3
2025-08-01 07:00:42,78.2575853,14.3210611,2025_IWOOS_id3
2025-08-01 08:00:53,78.2574319,14.3207171,2025_IWOOS_id3
2025-08-01 09:00:42,78.2574792,14.3212051,2025_IWOOS_id3
2025-08-01 10:00:50,78.2576934,14.3209177,2025_IWOOS_id3
2025-08-01 11:00:40,78.2577851,14.3209631,2025_IWOOS_id3
2025-08-01 12:00:54,78.2577081,14.3212752,2025_IWOOS_id3
2025-08-01 13:00:40,78.257458,14.32227,2025_IWOOS_id3
2025-08-01 14:00:54,78.2575986,14.3219132,2025_IWOOS_id3
2025-08-01 15:00:36,78.2574854,14.3219674,2025_IWOOS_id3
2025-08-01 16:00:52,78.2574605,14.3219375,2025_IWOOS_id3
2025-08-01 17:00:43,78.2574549,14.32169,2025_IWOOS_id3
2025-08-01 18:00:54,78.2579939,,2025_IWOOS_id3
2025-08-01 19:00:44,78.2578263,14.3217994,2025_IWOOS_id3
2025-08-01 20:00:55,78.2576224,14.3218349,2025_IWOOS_id3
2025-08-01 21:00:39,78.2572824,14.3213369,2025_IWOOS_id3
2025-08-01 22:00:53,78.2571752,14.320997,2025_IWOOS_id3
2025-08-01 23:00:39,78.2570841,14.3206761,2025_IWOOS_id3
2025-08-02 00:01:20,78.257103,14.3200891,2025_IWOOS_id3
2025-08-02 01:00:37,78.2572446,14.3194122,2025_IWOOS_id3
2025-08-02 02:00:54,78.2572586,14.3185813,2025_IWOOS_id3
2025-08-02 03:00:41,78.2577195,14.3176418,2025_IWOOS_id3
2025-08-02 04:00:52,78.2581953,14.3190316,2025_IWOOS_id3
2025-08-02 05:00:39,78.2580807,14.319144,2025_IWOOS_id3
2025-08-02 06:01:14,78.2575962,14.3217246,2025_IWOOS_id3
2025-08-02 07:00:36,78.2574302,14.3217725,2025_IWOOS_id3
2025-08-02 08:00:53,78.2574974,14.3221102,2025_IWOOS_id3
2025-08-02 09:00:45,78.2573719,14.322263,2025_IWOOS_id3
2025-08-02 10:00:51,78.2574017,14.3221763,2025_IWOOS_id3
2025-08-02 11:00:53,78.257269,14.322023,2025_IWOOS_id3
2025-08-02 12:00:52,78.257317,14.3217148,2025_IWOOS_id3
2025-08-02 13:01:29,78.2572725,14.3217491,2025_IWOOS_id3
2025-08-02 14:00:54,78.2572616,14.3217233,2025_IWOOS_id3
2025-08-02 15:01:03,78.2574305,14.322224,2025_IWOOS_id3
2025-08-02 16:00:51,78.2571242,14.3214259,2025_IWOOS_id3
2025-08-02 17:00:39,78.257373,14.3224782,2025_IWOOS_id3
2025-08-02 18:01:14,78.2577341,14.3215864,2025_IWOOS_id3
2025-08-02 19:00:40,78.2573017,14.3211895,2025_IWOOS_id3
2025-08-02 20:00:54,78.2567307,14.3178221,2025_IWOOS_id3
2025-08-02 21:00:46,78.2567379,14.3146988,2025_IWOOS_id3
2025-08-02 22:00:53,78.2568872,14.3135927,2025_IWOOS_id3
2025-08-02 23:00:42,78.2568192,14.3138416,2025_IWOOS_id3
2025-08-03 00:00:54,78.2566715,14.3143647,2025_IWOOS_id3
2025-08-03 01:00:53,78.2567772,14.3138436,2025_IWOOS_id3
2025-08-03 02:00:51,78.2569923,14.314156,2025_IWOOS_id3
2025-08-03 03:00:46,78.257126,14.314095,2025_IWOOS_id3
2025-08-03 04:01:14,78.2570335,14.3128107,2025_IWOOS_id3
2025-08-03 05:00:38,78.2568795,14.3132844,2025_IWOOS_id3
2025-08-03 06:00:57,78.2567622,14.3141478,2025_IWOOS_id3
2025-08-03 07:00:38,78.2566966,14.3139963,2025_IWOOS_id3
2025-08-03 08:00:52,78.2567225,14.3140664,2025_IWOOS_id3
2025-08-03 09:00:39,78.2566575,14.3148082,2025_IWOOS_id3
2025-08-03 10:00:54,78.2565606,14.3150299,2025_IWOOS_id3
2025-08-03 11:00:42,78.2566602,14.3145648,2025_IWOOS_id3
2025-08-03 12:00:52,78.2566909,14.3146386,2025_IWOOS_id3
2025-08-03 13:00:48,78.2568057,14.3136274,2025_IWOOS_id3
2025-08-03 14:00:52,78.2568557,14.3136593,2025_IWOOS_id3
2025-08-03 15:00:37,78.2571463,14.3130274,2025_IWOOS_id3
2025-08-03 16:00:54,78.2572565,14.3131418,2025_IWOOS_id3
2025-08-03 17:00:41,78.2568602,14.3143212,2025_IWOOS_id3
2025-08-03 18:00:52,78.2566674,14.3150551,2025_IWOOS_id3
2025-08-03 19:00:42,78.2567006,14.314727,2025_IWOOS_id3
2025-08-03 20:00:53,78.256726,14.3145016,2025_IWOOS_id3
2025-08-03 21:00:37,78.25676,14.314071,2025_IWOOS_id3
2025-08-03 22:01:21,78.2570219,14.3136468,2025_IWOOS_id3
2025-08-03 23:00:40,78.2569421,14.3137909,2025_IWOOS_id3
2025-08-04 00:00:50,78.2569399,14.3141913,2025_IWOOS_id3
2025-08-04 01:00:38,78.2569745,14.3137864,2025_IWOOS_id3
2025-08-04 02:00:54,78.2568254,14.3139726,2025_IWOOS_id3
2025-08-04 03:00:41,78.2568009,14.3141161,2025_IWOOS_id3
2025-08-04 04:00:52,78.2567142,14.314647,2025_IWOOS_id3
2025-08-04 05:00:36,78.2568785,14.3141074,2025_IWOOS_id3
2025-08-04 06:00:54,78.2570743,14.313688,2025_IWOOS_id3
2025-08-04 07:00:39,78.2570946,14.3137564,2025_IWOOS_id3
2025-08-04 08:01:20,78.2569223,14.3140729,2025_IWOOS_id3
2025-08-04 09:00:36,78.2569585,14.3141299,2025_IWOOS_id3
2025-08-04 10:00:52,78.2567612,14.3138427,2025_IWOOS_id3
2025-08-04 11:00:41,78.2567968,14.3137314,2025_IWOOS_id3
2025-08-04 12:01:14,78.2569072,14.3134983,2025_IWOOS_id3
2025-08-04 13:00:52,78.256905,14.3133241,2025_IWOOS_id3
2025-08-04 14:00:54,78.2571252,14.3133388,2025_IWOOS_id3
2025-08-04 15:00:39,78.2571356,14.3132392,2025_IWOOS_id3
2025-08-04 16:01:21,78.2570762,14.313331,2025_IWOOS_id3
2025-08-04 17:00:53,78.2571119,14.3132221,2025_IWOOS_id3
2025-08-04 18:00:54,78.2572033,14.3122876,2025_IWOOS_id3
2025-08-04 19:01:02,78.2572009,14.3122535,2025_IWOOS_id3
2025-08-04 21:00:52,78.2572793,14.312028,2025_IWOOS_id3
2025-08-04 22:00:55,78.2572991,14.3122864,2025_IWOOS_id3
2025-08-04 23:00:40,78.2573138,14.3125916,2025_IWOOS_id3
2025-08-05 00:01:29,78.2567257,14.3143038,2025_IWOOS_id3
2025-08-05 01:00:40,78.2566873,14.3148385,2025_IWOOS_id3
2025-08-05 02:01:15,78.2567586,14.3143382,2025_IWOOS_id3
2025-08-05 03:00:43,78.2568081,14.3136615,2025_IWOOS_id3
2025-08-05 04:00:51,78.2567925,14.3137621,2025_IWOOS_id3
2025-08-05 05:00:39,78.2568126,14.3136929,2025_IWOOS_id3
2025-08-05 06:00:54,78.2568682,14.3136432,2025_IWOOS_id3
2025-08-05 07:00:36,78.2565839,14.3149343,2025_IWOOS_id3
2025-08-05 08:00:50,78.2564918,14.3147484,2025_IWOOS_id3
2025-08-05 09:00:43,78.2565086,14.3143344,2025_IWOOS_id3
2025-08-05 10:00:53,78.2564443,14.3144543,2025_IWOOS_id3
2025-08-05 11:00:31,78.2563294,14.314588,2025_IWOOS_id3
2025-08-05 12:01:21,78.256238,14.3148833,2025_IWOOS_id3
2025-08-05 13:00:41,78.2562183,14.3138573,2025_IWOOS_id3
2025-08-05 14:01:21,78.2562847,14.3126536,2025_IWOOS_id3
2025-08-05 15:00:41,78.2563276,14.3124672,2025_IWOOS_id3
2025-08-05 16:00:54,78.2563447,14.3125597,2025_IWOOS_id3
2025-08-05 17:00:43,78.2563251,14.3125846,2025_IWOOS_id3
2025-08-05 18:00:53,78.2563582,14.312774,2025_IWOOS_id3
2025-08-05 19:00:36,78.2565165,14.3118288,2025_IWOOS_id3
2025-08-05 20:00:52,78.2566883,14.3106684,2025_IWOOS_id3
2025-08-05 21:00:45,78.2565852,14.3110737,2025_IWOOS_id3
2025-08-05 22:00:51,78.2564561,14.3117476,2025_IWOOS_id3
2025-08-05 23:00:36,78.2562839,14.312372,2025_IWOOS_id3
2025-08-06 00:00:51,78.2563593,14.3112264,2025_IWOOS_id3
2025-08-06 01:00:52,78.2564423,14.3115468,2025_IWOOS_id3
2025-08-06 02:01:00,78.256528,,2025_IWOOS_id3
2025-08-06 03:00:46,78.2565487,14.3113391,2025_IWOOS_id3
2025-08-06 04:00:53,78.2565354,14.3117409,2025_IWOOS_id3
2025-08-06 05:00:35,78.2565715,14.3119872,2025_IWOOS_id3
2025-08-06 06:01:21,78.2566618,14.3118741,2025_IWOOS_id3
2025-08-06 07:00:38,78.256677,14.311879,2025_IWOOS_id3
2025-08-06 08:00:52,78.2567003,,2025_IWOOS_id3
2025-08-06 09:00:41,78.2568701,14.311731,2025_IWOOS_id3
2025-08-06 10:01:15,78.2569603,14.3117588,2025_IWOOS_id3
2025-08-06 11:00:38,78.2570062,14.311864,2025_IWOOS_id3
2025-08-06 12:00:53,78.2569306,14.3119916,2025_IWOOS_id3
2025-08-06 13:00:43,78.2568991,14.3121568,2025_IWOOS_id3
2025-08-06 14:01:13,78.2568741,14.3124429,2025_IWOOS_id3
2025-08-06 15:00:42,78.2568012,14.3128191,2025_IWOOS_id3
2025-08-06 16:01:22,78.2567444,14.3128139,2025_IWOOS_id3
2025-08-06 17:00:39,78.2566685,14.3140329,2025_IWOOS_id3
2025-08-06 18:00:53,78.2566969,14.3143147,2025_IWOOS_id3
2025-08-06 19:00:34,78.2567361,14.3136244,2025_IWOOS_id3
2025-08-06 20:01:15,78.2567797,14.3133026,2025_IWOOS_id3
2025-08-06 21:00:52,78.256732,14.3136211,2025_IWOOS_id3
2025-08-06 22:00:58,78.2566674,14.312639,2025_IWOOS_id3
2025-08-06 23:00:53,78.256592,14.3128079,2025_IWOOS_id3
2025-08-07 00:01:14,78.2568161,14.3124132,2025_IWOOS_id3
2025-08-07 01:00:41,78.2570808,14.3128502,2025_IWOOS_id3
2025-08-07 02:01:22,78.2566893,14.3128244,2025_IWOOS_id3
2025-08-07 03:00:41,78.2566222,14.3133927,2025_IWOOS_id3
2025-08-07 04:00:54,78.256558,14.3150534,2025_IWOOS_id3
2025-08-07 05:00:41,78.2568246,14.3149143,2025_IWOOS_id3
2025-08-07 06:01:13,78.2565045,14.3156167,2025_IWOOS_id3
2025-08-07 07:00:38,78.256654,14.3139657,2025_IWOOS_id3
2025-08-07 08:00:53,78.2568616,14.3135318,2025_IWOOS_id3
2025-08-07 09:00:44,78.2568401,14.3137008,2025_IWOOS_id3
2025-08-07 10:01:15,78.2567058,14.3140488,2025_IWOOS_id3
2025-08-07 11:00:38,78.2565172,14.3150732,2025_IWOOS_id3
2025-08-07 12:01:20,78.2565675,14.3129901,2025_IWOOS_id3
2025-08-07 13:00:37,78.2566583,14.3120081,2025_IWOOS_id3
2025-08-07 14:00:52,78.2563819,14.3127834,2025_IWOOS_id3
2025-08-07 15:00:39,78.2563469,14.3128049,2025_IWOOS_id3
2025-08-07 16:00:51,78.2563783,14.3124715,2025_IWOOS_id3
2025-08-07 17:00:40,78.2563749,14.3127895,2025_IWOOS_id3
2025-08-07 18:00:57,78.2565939,14.3123846,2025_IWOOS_id3
2025-08-07 19:00:39,78.2565026,14.3125497,2025_IWOOS_id3
2025-08-07 20:00:52,78.2564873,14.3131906,2025_IWOOS_id3
2025-08-07 21:00:39,78.2569693,14.3118128,2025_IWOOS_id3
2025-08-07 22:01:29,78.2569434,14.3120356,2025_IWOOS_id3
2025-08-07 23:00:36,78.2568436,14.3120833,2025_IWOOS_id3
2025-08-08 01:01:08,78.2567943,14.3120913,2025_IWOOS_id3
2025-08-08 02:01:14,78.2568119,14.3120767,2025_IWOOS_id3
2025-08-08 03:00:41,78.2566995,14.3128827,2025_IWOOS_id3
2025-08-08 04:00:57,78.2566163,14.3131375,2025_IWOOS_id3
2025-08-08 05:01:09,78.2566341,14.3131855,2025_IWOOS_id3
2025-08-08 06:00:53,78.2566975,14.3133842,2025_IWOOS_id3
2025-08-08 07:00:41,78.256591,14.3139437,2025_IWOOS_id3
2025-08-08 08:00:54,78.2567946,14.3116126,2025_IWOOS_id3
2025-08-08 09:00:41,78.25705,14.3124079,2025_IWOOS_id3
2025-08-08 10:00:51,78.2571769,14.3126858,2025_IWOOS_id3
2025-08-08 11:00:38,78.2570499,14.3128071,2025_IWOOS_id3
2025-08-08 12:01:14,78.2569868,14.3129921,2025_IWOOS_id3
2025-08-08 13:00:38,78.2568279,14.3128798,2025_IWOOS_id3
2025-08-08 14:00:53,78.2568384,14.3128617,2025_IWOOS_id3
2025-08-08 15:00:40,78.2568606,14.3129009,2025_IWOOS_id3
2025-08-08 16:00:50,78.2567975,14.3127648,2025_IWOOS_id3
2025-08-08 17:00:38,78.2565936,14.3146368,2025_IWOOS_id3
2025-08-08 18:00:53,78.2565922,14.3149108,2025_IWOOS_id3
2025-08-08 19:00:41,78.2569897,14.3132103,2025_IWOOS_id3
2025-08-08 20:00:53,78.2573773,14.3127873,2025_IWOOS_id3
2025-08-08 21:00:53,78.2573381,14.3130823,2025_IWOOS_id3
2025-08-08 22:00:51,78.257476,14.3130715,2025_IWOOS_id3
2025-08-08 23:00:37,78.2577297,14.313147,2025_IWOOS_id3
2025-08-09 00:01:16,78.2578201,14.3131269,2025_IWOOS_id3
2025-08-09 01:00:37,78.2577598,14.3128447,2025_IWOOS_id3
2025-08-09 02:00:52,78.257683,14.3120661,2025_IWOOS_id3
2025-08-09 03:00:37,78.2576129,14.3129176,2025_IWOOS_id3
2025-08-09 04:00:53,78.2573737,14.3122051,2025_IWOOS_id3
2025-08-09 05:00:35,78.2571844,14.3132253,2025_IWOOS_id3
2025-08-09 06:00:55,78.2570707,14.3137801,2025_IWOOS_id3
2025-08-09 07:00:39,78.2571862,14.3142685,2025_IWOOS_id3
2025-08-09 08:00:51,78.2574526,14.3141821,2025_IWOOS_id3
2025-08-09 09:00:40,78.2579017,14.3150657,2025_IWOOS_id3
2025-08-09 10:00:51,78.2582296,14.3197121,2025_IWOOS_id3
2025-08-09 11:00:38,78.258124,14.3209527,2025_IWOOS_id3
2025-08-09 12:00:55,,14.319899,2025_IWOOS_id3
2025-08-09 13:00:42,78.2581645,14.3189429,2025_IWOOS_id3
2025-08-09 14:01:23,78.258113,14.3174546,2025_IWOOS_id3
2025-08-09 15:00:40,78.2575311,14.3135284,2025_IWOOS_id3
2025-08-09 16:01:24,78.2569968,14.3142296,2025_IWOOS_id3
2025-08-09 17:00:37,78.2570294,14.313793,2025_IWOOS_id3
2025-08-09 18:00:53,78.2566076,14.3157438,2025_IWOOS_id3
2025-08-09 19:00:41,78.256657,14.3177835,2025_IWOOS_id3
2025-08-09 20:00:52,78.2566904,14.3168018,2025_IWOOS_id3
2025-08-09 21:00:41,78.2569168,14.3152044,2025_IWOOS_id3
2025-08-09 22:00:54,78.2572738,14.3152551,2025_IWOOS_id3
2025-08-09 23:00:36,78.2575318,14.3230386,2025_IWOOS_id3
2025-08-10 00:01:21,78.2573656,14.3231602,2025_IWOOS_id3
2025-08-10 01:00:40,78.2572386,14.3231183,2025_IWOOS_id3
2025-08-10 02:00:53,78.2571075,14.3231002,2025_IWOOS_id3
2025-08-10 03:00:41,78.2571493,14.3222452,2025_IWOOS_id3
2025-08-10 04:00:54,78.2570695,14.3215441,2025_IWOOS_id3
2025-08-10 05:00:37,78.2572131,14.3213644,2025_IWOOS_id3
2025-08-10 06:00:51,78.2572356,14.3222532,2025_IWOOS_id3
2025-08-10 07:00:38,78.2573772,14.3226175,2025_IWOOS_id3
2025-08-10 08:00:52,78.2576333,14.3230436,2025_IWOOS_id3
2025-08-10 09:00:36,78.2577931,14.3230488,2025_IWOOS_id3
2025-08-10 10:00:52,78.2580245,14.3227887,2025_IWOOS_id3
2025-08-10 11:00:35,78.2581473,14.322598,2025_IWOOS_id3
2025-08-10 12:00:55,78.2581459,14.322189,2025_IWOOS_id3
2025-08-10 13:00:43,78.2580617,14.3223744,2025_IWOOS_id3
2025-08-10 13:59:53,78.2580198,14.321808,2025_IWOOS_id3
2025-08-10 15:00:41,78.2580061,14.3203192,2025_IWOOS_id3
2025-08-10 16:00:52,78.2581349,14.3190491,2025_IWOOS_id3
2025-08-10 17:00:42,78.2581512,14.3190854,2025_IWOOS_id3
2025-08-10 18:00:52,78.2581333,14.3198062,2025_IWOOS_id3
2025-08-10 19:00:41,78.2582154,14.3180666,2025_IWOOS_id3
2025-08-10 20:01:00,78.2584145,14.3191775,2025_IWOOS_id3
2025-08-10 21:00:53,78.2584184,14.3198508,2025_IWOOS_id3
2025-08-10 22:00:54,78.2583237,14.3201374,2025_IWOOS_id3
2025-08-10 23:00:38,78.2583313,14.3212791,2025_IWOOS_id3
2025-08-11 00:00:53,,14.3206855,2025_IWOOS_id3
2025-08-11 01:00:45,78.2583563,14.3195275,2025_IWOOS_id3
2025-08-11 01:59:56,78.2583122,14.3167799,2025_IWOOS_id3
2025-08-11 03:00:37,78.2581198,14.3158139,2025_IWOOS_id3
2025-08-11 04:00:53,78.2577633,14.3141774,2025_IWOOS_id3
2025-08-11 05:00:58,78.2572877,14.3138159,2025_IWOOS_id3
2025-08-11 06:01:20,78.2568524,14.3137744,2025_IWOOS_id3
2025-08-11 07:00:37,78.2568809,14.314357,2025_IWOOS_id3
2025-08-11 08:00:53,78.2569996,14.314016,2025_IWOOS_id3
2025-08-11 09:00:40,78.257547,14.3143859,2025_IWOOS_id3
2025-08-11 10:00:56,78.2582222,14.3176197,2025_IWOOS_id3
2025-08-11 11:00:41,78.2584258,14.318947,2025_IWOOS_id3
2025-08-11 12:01:20,78.2584644,14.3194644,2025_IWOOS_id3
2025-08-11 13:00:34,78.2584681,14.3192566,2025_IWOOS_id3
2025-08-11 14:00:54,78.2584019,14.3200667,2025_IWOOS_id3
2025-08-11 15:00:50,78.2583354,14.3198438,2025_IWOOS_id3
2025-08-11 16:01:13,78.258303,14.3197864,2025_IWOOS_id3
2025-08-11 17:00:33,78.2581032,14.320902,2025_IWOOS_id3
2025-08-11 18:00:53,78.2579025,14.3215712,2025_IWOOS_id3
2025-08-11 19:00:36,78.2577989,14.3221491,2025_IWOOS_id3
2025-08-11 20:01:22,78.2580442,14.3219513,2025_IWOOS_id3
2025-08-11 21:00:37,78.2581226,14.322756,2025_IWOOS_id3
2025-08-11 22:01:33,78.2580901,14.3227168,2025_IWOOS_id3
2025-08-11 23:00:39,78.2580821,,2025_IWOOS_id3
2025-08-12 00:01:20,78.258124,14.3227629,2025_IWOOS_id3
2025-08-12 01:00:38,78.2580579,14.3226168,2025_IWOOS_id3
2025-08-12 02:01:15,78.2579781,14.3222271,2025_IWOOS_id3
2025-08-12 03:00:40,78.2579728,14.3221511,2025_IWOOS_id3
2025-08-12 04:00:53,78.2578379,14.3219869,2025_IWOOS_id3
2025-08-12 05:00:39,78.2577899,14.3211445,2025_IWOOS_id3
2025-08-12 06:01:05,78.2578472,14.3212564,2025_IWOOS_id3
2025-08-12 07:00:37,78.2577922,14.3215743,2025_IWOOS_id3
2025-08-12 08:00:58,78.2579977,14.320789,2025_IWOOS_id3
2025-08-12 09:00:39,78.2578014,14.3221909,2025_IWOOS_id3
2025-08-12 10:00:56,78.2579572,14.3217359,2025_IWOOS_id3
2025-08-12 11:00:39,78.258023,14.3214535,2025_IWOOS_id3
2025-08-12 12:00:51,78.2580619,14.321035,2025_IWOOS_id3
2025-08-12 13:00:39,78.2580791,14.3204113,2025_IWOOS_id3
2025-08-12 14:00:56,78.2580833,14.3193939,2025_IWOOS_id3
2025-08-12 15:00:41,78.2579959,14.3193709,2025_IWOOS_id3
2025-08-12 16:00:57,78.2578758,14.3183746,2025_IWOOS_id3
2025-08-12 17:00:34,78.2574873,14.31869,2025_IWOOS_id3
2025-08-12 18:00:55,78.2569071,14.3153961,2025_IWOOS_id3
2025-08-12 19:00:41,78.2568226,14.3138434,2025_IWOOS_id3
2025-08-12 20:00:55,78.2570955,14.3139028,2025_IWOOS_id3
2025-08-12 21:00:40,78.2572021,14.3142842,2025_IWOOS_id3
2025-08-12 22:00:52,78.257312,14.3141051,2025_IWOOS_id3
2025-08-12 23:00:39,78.2574963,14.3138728,2025_IWOOS_id3
2025-08-13 00:00:56,78.2580594,14.3154887,2025_IWOOS_id3
2025-08-13 01:00:41,78.2581874,14.3151204,2025_IWOOS_id3
2025-08-13 02:00:53,78.2582859,14.3168502,2025_IWOOS_id3
2025-08-13 03:00:37,78.2581817,14.3196634,2025_IWOOS_id3
2025-08-13 04:00:55,78.2580106,14.319719,2025_IWOOS_id3
2025-08-13 05:00:34,78.2572842,14.3209408,2025_IWOOS_id3
2025-08-13 06:00:51,78.2572733,14.3210429,2025_IWOOS_id3
2025-08-13 07:00:43,78.2572562,14.321056,2025_IWOOS_id3
2025-08-13 08:00:59,78.2573666,14.3215441,2025_IWOOS_id3
2025-08-13 09:00:42,78.2576176,14.3219239,2025_IWOOS_id3
2025-08-13 10:00:51,78.2577694,14.3220345,2025_IWOOS_id3
2025-08-13 11:00:39,78.2578582,14.32245,2025_IWOOS_id3
2025-08-13 12:00:57,78.2580426,14.322266,2025_IWOOS_id3
2025-08-13 14:01:23,78.2580171,14.3222176,2025_IWOOS_id3
2025-08-13 15:00:41,78.2578706,14.3217854,2025_IWOOS_id3
2025-08-13 16:00:57,78.2578311,14.3215012,2025_IWOOS_id3
2025-08-13 17:00:45,78.2578647,14.320542,2025_IWOOS_id3
2025-08-13 18:00:54,78.257848,14.3196654,2025_IWOOS_id3
2025-08-13 19:00:36,78.2577715,14.3202043,2025_IWOOS_id3
2025-08-13 20:00:51,78.2573309,14.3213139,2025_IWOOS_id3
2025-08-13 21:00:37,78.2576126,14.3216928,2025_IWOOS_id3
2025-08-13 22:00:51,78.257883,14.3222671,2025_IWOOS_id3
2025-08-13 23:00:39,78.2580024,14.3221337,2025_IWOOS_id3
2025-08-14 00:00:53,78.2580453,14.3223056,2025_IWOOS_id3
2025-08-14 01:00:40,78.2581074,14.3227005,2025_IWOOS_id3
2025-08-14 02:00:53,78.2581384,14.3224895,2025_IWOOS_id3
2025-08-14 03:00:41,78.2582486,14.3212173,2025_IWOOS_id3
2025-08-14 04:00:54,78.2582254,14.3196621,2025_IWOOS_id3
2025-08-14 05:00:37,78.2581532,14.3184672,2025_IWOOS_id3
2025-08-14 06:00:52,78.2581896,14.3159124,2025_IWOOS_id3
2025-08-14 07:00:53,78.2581323,14.3160769,2025_IWOOS_id3
2025-08-14 08:00:52,78.2580573,14.3165722,2025_IWOOS_id3
2025-08-14 09:00:39,78.257968,14.3212221,2025_IWOOS_id3
2025-08-14 10:00:53,78.2579877,14.3219094,2025_IWOOS_id3
2025-08-14 11:00:39,78.2579952,14.3226307,2025_IWOOS_id3
2025-08-14 12:00:57,78.2578392,14.3232274,2025_IWOOS_id3
2025-08-14 13:00:44,78.2579191,14.3224959,2025_IWOOS_id3
2025-08-14 14:00:52,78.2581038,14.3225439,2025_IWOOS_id3
2025-08-14 15:00:40,78.2580596,14.3224732,2025_IWOOS_id3
2025-08-14 16:01:19,78.2581452,14.3214114,2025_IWOOS_id3
2025-08-14 17:00:44,78.2582105,14.3204911,2025_IWOOS_id3
2025-08-14 18:00:52,78.258163,14.319846,2025_IWOOS_id3
2025-08-14 19:00:40,78.2581348,14.3202573,2025_IWOOS_id3
2025-08-14 20:01:14,78.2580496,14.320179,2025_IWOOS_id3
2025-08-14 21:00:38,78.2577787,14.3185003,2025_IWOOS_id3
2025-08-14 22:00:51,78.2578456,14.3168571,2025_IWOOS_id3
2025-08-14 23:00:40,78.2580645,14.3209857,2025_IWOOS_id3
2025-08-15 00:00:54,78.2580605,14.3226322,2025_IWOOS_id3
2025-08-15 01:00:37,78.2582652,14.3211657,2025_IWOOS_id3
2025-08-15 02:00:54,78.2583557,14.3216484,2025_IWOOS_id3
2025-08-15 03:00:36,78.2582126,14.3220576,2025_IWOOS_id3
2025-08-15 04:00:53,78.2581101,14.3220676,2025_IWOOS_id3
2025-08-15 05:00:37,78.2580412,14.3221069,2025_IWOOS_id3
2025-08-15 06:01:22,78.2580107,14.3219172,2025_IWOOS_id3
2025-08-15 07:01:12,78.2578503,14.3222722,2025_IWOOS_id3
2025-08-15 08:01:45,78.2577748,14.3219628,2025_IWOOS_id3
2025-08-15 09:00:52,78.2577043,14.3223739,2025_IWOOS_id3
2025-08-15 10:00:54,78.2577855,14.3228482,2025_IWOOS_id3
2025-08-15 11:00:39,78.2576773,14.3228742,2025_IWOOS_id3
2025-08-15 12:00:52,78.2577969,14.3227383,2025_IWOOS_id3
2025-08-15 13:00:53,78.2578573,,2025_IWOOS_id3
2025-08-15 14:00:57,78.2578898,14.3227866,2025_IWOOS_id3
2025-08-15 15:00:40,78.2578897,14.3228259,2025_IWOOS_id3
2025-08-15 16:00:56,78.2578429,14.3225151,2025_IWOOS_id3
2025-08-15 17:00:40,78.2578231,14.3225262,2025_IWOOS_id3
2025-08-15 18:00:53,78.2577123,14.322569,2025_IWOOS_id3
2025-08-15 19:00:47,78.2576681,14.3223652,2025_IWOOS_id3
2025-08-15 20:00:52,78.2576677,14.3223242,2025_IWOOS_id3
2025-08-15 21:00:36,78.2575698,14.3226283,2025_IWOOS_id3
2025-08-15 22:00:55,78.2576664,14.3223892,2025_IWOOS_id3
2025-08-15 23:00:39,78.2578196,14.3227682,2025_IWOOS_id3
2025-08-16 00:00:54,78.258073,14.3223693,2025_IWOOS_id3
2025-08-16 01:00:36,78.2580625,14.322286,2025_IWOOS_id3
2025-08-16 02:00:52,78.2581327,14.3222717,2025_IWOOS_id3
2025-08-16 03:00:43,78.2581458,14.3219483,2025_IWOOS_id3
2025-08-16 04:00:51,78.2580589,14.3220147,2025_IWOOS_id3
2025-08-16 05:00:46,78.2579165,14.3225199,2025_IWOOS_id3
2025-08-16 06:00:54,78.2578062,14.3221842,2025_IWOOS_id3
2025-08-16 07:00:38,78.2575867,14.322205,2025_IWOOS_id3
2025-08-16 08:01:21,78.2576327,14.3221023,2025_IWOOS_id3
2025-08-16 09:00:40,78.2575096,14.3222498,2025_IWOOS_id3
2025-08-16 10:01:18,78.2575742,14.3226798,2025_IWOOS_id3
2025-08-16 11:00:35,78.2576319,14.3227894,2025_IWOOS_id3
2025-08-16 12:01:14,78.2577409,14.3226738,2025_IWOOS_id3
2025-08-16 13:00:57,78.2576931,14.322803,2025_IWOOS_id3
2025-08-16 14:01:02,78.2577393,14.3227669,2025_IWOOS_id3
2025-08-16 15:00:38,78.2577125,14.3230585,2025_IWOOS_id3
2025-08-16 16:01:22,78.257773,14.3231312,2025_IWOOS_id3
2025-08-16 17:00:42,78.2576671,14.3225217,2025_IWOOS_id3
2025-08-16 18:00:58,78.257389,14.3221195,2025_IWOOS_id3
2025-08-16 19:00:40,78.2575133,14.3218696,2025_IWOOS_id3
2025-08-16 20:00:52,78.2576446,14.3217203,2025_IWOOS_id3
2025-08-16 21:00:41,78.2578544,,2025_IWOOS_id3
2025-08-16 22:00:52,78.2579403,14.3208555,2025_IWOOS_id3
2025-08-16 23:00:36,78.2577811,14.3216072,2025_IWOOS_id3
2025-08-17 00:00:53,78.2577429,14.3216647,2025_IWOOS_id3
2025-08-17 01:00:42,78.2577795,,2025_IWOOS_id3
2025-08-17 02:00:51,78.2579543,14.3216375,2025_IWOOS_id3
2025-08-17 03:00:36,78.2579061,14.3216787,2025_IWOOS_id3
2025-08-17 04:00:54,78.2578449,14.321724,2025_IWOOS_id3
2025-08-17 05:00:40,78.2578538,14.321417,2025_IWOOS_id3
2025-08-17 06:00:52,,14.3208743,2025_IWOOS_id3
2025-08-17 07:00:38,78.2578494,14.3205635,2025_IWOOS_id3
2025-08-17 08:01:21,78.2577733,14.3197422,2025_IWOOS_id3
2025-08-17 09:00:39,78.2578537,14.3196922,2025_IWOOS_id3
2025-08-17 10:00:51,78.2578056,14.319444,2025_IWOOS_id3
2025-08-17 11:00:45,78.2576415,14.3204888,2025_IWOOS_id3
2025-08-17 12:00:51,78.2576334,14.3207931,2025_IWOOS_id3
2025-08-17 13:00:35,78.2577206,14.3209252,2025_IWOOS_id3
2025-08-17 14:00:54,78.2576842,14.3217244,2025_IWOOS_id3
2025-08-17 15:00:37,78.2578001,14.3214849,2025_IWOOS_id3
2025-08-17 16:00:52,78.2578196,14.3216596,2025_IWOOS_id3
2025-08-17 17:00:38,78.2578566,14.3215826,2025_IWOOS_id3
2025-08-17 18:00:51,78.2578552,14.3213344,2025_IWOOS_id3
2025-08-17 19:00:39,78.2577467,14.3207583,2025_IWOOS_id3
2025-08-17 20:00:55,78.2574823,14.3204299,2025_IWOOS_id3
2025-08-17 21:00:38,78.2570623,14.3187347,2025_IWOOS_id3
2025-08-17 22:00:54,78.2568611,14.316547,2025_IWOOS_id3
2025-08-17 23:00:37,78.2567349,14.3169037,2025_IWOOS_id3
2025-08-18 00:00:55,78.2568802,14.31664,2025_IWOOS_id3
2025-08-18 01:00:40,78.2571021,14.3147829,2025_IWOOS_id3
2025-08-18 02:01:23,78.2571765,14.314494,2025_IWOOS_id3
2025-08-18 03:00:36,78.2574523,14.3141553,2025_IWOOS_id3
2025-08-18 04:00:52,78.2577748,14.3139501,2025_IWOOS_id3
2025-08-18 05:00:45,78.2575431,14.3138133,2025_IWOOS_id3
2025-08-18 06:00:51,78.2571652,14.3137518,2025_IWOOS_id3
2025-08-18 07:00:51,78.2567828,14.3138092,2025_IWOOS_id3
2025-08-18 08:00:53,78.2570177,14.3159452,2025_IWOOS_id3
2025-08-18 09:00:36,78.2567718,14.3144211,2025_IWOOS_id3
2025-08-18 10:00:53,78.2568296,14.3127105,2025_IWOOS_id3
2025-08-18 11:00:42,78.2566199,14.3142806,2025_IWOOS_id3
2025-08-18 12:00:52,78.2565702,14.3144492,2025_IWOOS_id3
2025-08-18 13:00:39,78.2564692,14.315563,2025_IWOOS_id3
2025-08-18 14:00:53,78.2565591,14.3163613,2025_IWOOS_id3
2025-08-18 15:00:58,78.2565097,14.3160129,2025_IWOOS_id3
2025-08-18 16:01:04,78.2567621,14.3164759,2025_IWOOS_id3
2025-08-18 17:00:38,78.2575416,14.3139257,2025_IWOOS_id3
2025-08-18 18:00:50,78.2577687,14.3141052,2025_IWOOS_id3
2025-08-18 19:00:42,78.2577943,14.3139904,2025_IWOOS_id3
2025-08-18 20:01:16,78.2576833,14.3138019,2025_IWOOS_id3
2025-08-18 21:00:38,78.2574364,14.3136784,2025_IWOOS_id3
2025-08-18 22:00:51,78.2572768,14.314093,2025_IWOOS_id3
2025-08-18 23:00:58,78.2569102,14.3146835,2025_IWOOS_id3
2025-08-19 00:01:04,78.2566594,14.3156317,2025_IWOOS_id3
2025-08-19 01:00:45,78.2565846,14.3161749,2025_IWOOS_id3
2025-08-19 02:00:56,78.2567635,14.3143084,2025_IWOOS_id3
2025-08-19 03:00:41,78.2569471,14.3141158,2025_IWOOS_id3
2025-08-19 04:00:51,78.2569589,14.3138369,2025_IWOOS_id3
2025-08-19 05:00:41,78.2571383,14.3140593,2025_IWOOS_id3
2025-08-19 06:00:55,78.2572334,14.3142916,2025_IWOOS_id3
2025-08-19 07:00:44,78.2572989,14.3140055,2025_IWOOS_id3
2025-08-19 08:00:52,78.2568997,14.314837,2025_IWOOS_id3
2025-08-19 09:00:43,78.2567756,14.3155392,2025_IWOOS_id3
2025-08-19 10:00:53,78.2567954,14.3161044,2025_IWOOS_id3
2025-08-19 11:00:40,78.2566581,14.3170202,2025_IWOOS_id3
2025-08-19 12:00:54,78.2565863,14.3179488,2025_IWOOS_id3
2025-08-19 13:00:35,78.2565337,14.3162763,2025_IWOOS_id3
2025-08-19 14:00:52,78.2566594,14.3162219,2025_IWOOS_id3
2025-08-19 15:00:39,78.2568518,14.3145963,2025_IWOOS_id3
2025-08-19 16:00:54,78.2569786,14.3139554,2025_IWOOS_id3
2025-08-19 17:00:36,78.2570153,14.3137533,2025_IWOOS_id3
2025-08-19 18:00:52,78.2570145,14.3137893,2025_IWOOS_id3
2025-08-19 19:00:48,78.2571146,14.312633,2025_IWOOS_id3
2025-08-19 20:00:52,78.2573877,14.3122302,2025_IWOOS_id3
2025-08-19 21:01:08,78.2571655,14.312468,2025_IWOOS_id3
2025-08-19 22:00:54,78.2572154,14.3123042,2025_IWOOS_id3
2025-08-19 23:00:34,78.2569889,14.3124166,2025_IWOOS_id3
2025-08-20 00:00:52,78.2569919,14.3124118,2025_IWOOS_id3
2025-08-20 01:00:53,78.2569134,14.3125561,2025_IWOOS_id3
2025-08-20 02:01:00,78.2566033,14.3131779,2025_IWOOS_id3
2025-08-20 03:00:52,78.2567218,14.3131132,2025_IWOOS_id3
2025-08-20 04:00:54,78.2568847,14.3130887,2025_IWOOS_id3
2025-08-20 05:00:41,78.2569608,14.3128272,2025_IWOOS_id3
2025-08-20 06:01:13,78.2571713,14.3134473,2025_IWOOS_id3
2025-08-20 07:00:40,78.2574978,14.3134362,2025_IWOOS_id3
2025-08-20 08:01:14,78.2575646,14.3144867,2025_IWOOS_id3
2025-08-20 09:00:59,78.2574695,14.3134573,2025_IWOOS_id3
2025-08-20 10:00:53,78.257427,14.3142327,2025_IWOOS_id3
2025-08-20 11:00:38,78.2568143,14.3151661,2025_IWOOS_id3
2025-08-20 12:01:25,78.2570328,14.3136684,2025_IWOOS_id3
2025-08-20 13:00:37,78.2568623,14.3135823,2025_IWOOS_id3
2025-08-20 14:01:26,78.2568874,14.3134753,2025_IWOOS_id3
2025-08-20 15:00:40,78.2570762,14.3134982,2025_IWOOS_id3
2025-08-20 16:01:15,78.2572939,14.313402,2025_IWOOS_id3
2025-08-20 17:00:41,78.2575443,14.3137161,2025_IWOOS_id3
2025-08-20 18:00:54,78.2580023,14.3136876,2025_IWOOS_id3
2025-08-20 19:00:38,78.2580433,14.3159877,2025_IWOOS_id3
2025-08-20 20:01:15,78.2578012,14.3145851,2025_IWOOS_id3
2025-08-20 21:01:03,78.2578947,14.3150068,2025_IWOOS_id3
2025-08-20 22:00:53,78.2578275,14.3150671,2025_IWOOS_id3
2025-08-20 23:00:39,78.2574516,14.3137175,2025_IWOOS_id3
2025-08-21 00:00:52,78.2571272,14.3138473,2025_IWOOS_id3
2025-08-21 01:00:53,78.2572377,14.3130287,2025_IWOOS_id3
2025-08-21 02:00:53,78.257221,14.3124457,2025_IWOOS_id3
2025-08-21 03:01:15,78.2573617,14.3119903,2025_IWOOS_id3
2025-08-21 04:00:52,78.2574875,14.3129817,2025_IWOOS_id3
2025-08-21 05:00:54,78.2580463,14.3158993,2025_IWOOS_id3
2025-08-21 06:01:16,78.2581538,14.3195143,2025_IWOOS_id3
2025-08-21 07:00:38,78.258214,14.3202478,2025_IWOOS_id3
2025-08-21 08:00:52,78.2582162,14.3203743,2025_IWOOS_id3
2025-08-21 09:00:44,78.2582062,14.3204002,2025_IWOOS_id3
2025-08-21 10:00:55,78.2581611,14.3203697,2025_IWOOS_id3
2025-08-21 11:00:39,78.2581599,14.3195344,2025_IWOOS_id3
2025-08-21 12:00:50,78.2581459,14.3187225,2025_IWOOS_id3
2025-08-21 13:00:40,78.2581039,14.317223,2025_IWOOS_id3
2025-08-21 14:01:18,78.2582802,14.3157369,2025_IWOOS_id3
2025-08-21 15:00:42,78.2582195,14.3177086,2025_IWOOS_id3
2025-08-21 16:01:14,78.2581849,14.317518,2025_IWOOS_id3
2025-08-21 17:00:39,78.2581964,14.3183914,2025_IWOOS_id3
2025-08-21 18:00:51,78.2581182,14.319498,2025_IWOOS_id3
2025-08-21 19:00:39,78.2581147,14.3192244,2025_IWOOS_id3
2025-08-21 20:01:15,78.2583084,14.318832,2025_IWOOS_id3
2025-08-21 21:00:37,78.2583908,14.3192099,2025_IWOOS_id3
2025-08-21 22:01:21,78.2586125,14.3167921,2025_IWOOS_id3
2025-08-21 23:00:35,78.2584955,14.3161674,2025_IWOOS_id3
2025-08-22 00:00:59,78.2584898,14.315443,2025_IWOOS_id3
2025-08-22 01:00:43,78.2583679,14.3152422,2025_IWOOS_id3
2025-08-22 02:01:30,78.2583093,14.31478,2025_IWOOS_id3
2025-08-22 03:00:47,78.2584132,14.315028,2025_IWOOS_id3
2025-08-22 04:01:23,78.258185,14.315523,2025_IWOOS_id3
2025-08-22 05:00:39,78.2583425,14.3156944,2025_IWOOS_id3
2025-08-22 06:01:22,78.2583344,14.3162204,2025_IWOOS_id3
2025-08-22 07:00:37,78.258311,14.3186392,2025_IWOOS_id3
2025-08-22 08:00:54,78.258217,14.3187848,2025_IWOOS_id3
2025-08-22 09:00:41,78.2584069,14.3178698,2025_IWOOS_id3
2025-08-22 10:00:52,78.2583795,14.3173169,2025_IWOOS_id3
2025-08-22 11:00:40,78.2584198,14.3167377,2025_IWOOS_id3
2025-08-22 12:00:54,78.2583638,14.3186886,2025_IWOOS_id3
2025-08-22 13:00:53,78.2579202,14.3210277,2025_IWOOS_id3
2025-08-22 14:00:53,78.2575921,14.3216314,2025_IWOOS_id3
2025-08-22 15:00:41,78.2576081,14.3215274,2025_IWOOS_id3
2025-08-22 16:01:20,78.2574929,14.3208477,2025_IWOOS_id3
2025-08-22 17:00:38,78.2572582,14.3205411,2025_IWOOS_id3
2025-08-22 18:01:20,78.2570412,14.3191175,2025_IWOOS_id3
2025-08-22 19:00:35,78.2569983,14.3150912,2025_IWOOS_id3
2025-08-22 20:00:51,78.2572163,14.3144707,2025_IWOOS_id3
2025-08-22 21:00:40,78.2573517,14.314275,2025_IWOOS_id3
2025-08-22 22:01:04,78.2576877,14.3143941,2025_IWOOS_id3
2025-08-22 23:00:37,78.2576254,14.3143849,2025_IWOOS_id3
2025-08-23 00:01:14,78.2575578,14.3142764,2025_IWOOS_id3
2025-08-23 01:00:42,78.2573862,14.3137914,2025_IWOOS_id3
2025-08-23 02:00:56,78.2571779,14.3134231,2025_IWOOS_id3
2025-08-23 03:00:40,78.2571407,14.3132747,2025_IWOOS_id3
2025-08-23 04:01:21,78.2569227,14.3135341,2025_IWOOS_id3
2025-08-23 05:01:02,78.256991,14.3132577,2025_IWOOS_id3
2025-08-23 06:01:19,78.2570152,14.3136836,2025_IWOOS_id3
2025-08-23 07:00:41,78.257091,14.3142953,2025_IWOOS_id3
2025-08-23 08:00:54,78.2572712,14.3146204,2025_IWOOS_id3
2025-08-23 09:00:40,78.257197,14.3140225,2025_IWOOS_id3
2025-08-23 10:00:54,78.2572292,14.3140438,2025_IWOOS_id3
2025-08-23 11:00:41,78.2573146,14.314004,2025_IWOOS_id3
2025-08-23 12:00:53,78.2574494,14.3139321,2025_IWOOS_id3
2025-08-23 13:00:45,78.2570951,14.3140062,2025_IWOOS_id3
2025-08-23 14:01:13,78.2568839,14.3148718,2025_IWOOS_id3
2025-08-23 15:00:35,78.2568057,14.3146766,2025_IWOOS_id3
2025-08-23 16:00:54,78.2567904,14.3148763,2025_IWOOS_id3
2025-08-23 17:00:38,78.2566784,14.3162129,2025_IWOOS_id3
2025-08-23 18:00:55,78.2567444,14.3190605,2025_IWOOS_id3
2025-08-23 19:00:43,78.257111,14.3209423,2025_IWOOS_id3
2025-08-23 20:00:53,78.2574903,14.3213983,2025_IWOOS_id3
2025-08-23 21:00:39,78.2575542,14.32267,2025_IWOOS_id3
2025-08-23 22:01:15,78.2575819,14.3226924,2025_IWOOS_id3
2025-08-23 23:00:39,78.2575859,14.3225895,2025_IWOOS_id3
2025-08-24 00:01:15,78.2574998,14.3221989,2025_IWOOS_id3
2025-08-24 01:00:35,78.2572537,14.3216392,2025_IWOOS_id3
2025-08-24 02:00:53,78.2573047,14.320478,2025_IWOOS_id3
2025-08-24 03:00:40,78.2569164,14.3203698,2025_IWOOS_id3
2025-08-24 04:01:20,78.2568446,14.3199917,2025_IWOOS_id3
2025-08-24 05:00:40,78.2569168,14.3203821,2025_IWOOS_id3
2025-08-24 06:00:53,78.2570803,14.3208056,2025_IWOOS_id3
2025-08-24 07:00:37,78.256929,14.3208184,2025_IWOOS_id3
2025-08-24 08:00:53,78.2571467,14.321582,2025_IWOOS_id3
2025-08-24 09:00:43,78.2573141,14.3219967,2025_IWOOS_id3
2025-08-24 10:00:54,78.2573586,14.3217875,2025_IWOOS_id3
2025-08-24 11:00:47,78.2574267,14.3221048,2025_IWOOS_id3
2025-08-24 12:00:53,78.2572527,14.3217085,2025_IWOOS_id3
2025-08-24 13:00:39,78.2571477,14.3215156,2025_IWOOS_id3
2025-08-24 14:01:14,78.2568693,14.3204015,2025_IWOOS_id3
2025-08-24 15:00:52,78.256597,14.3183577,2025_IWOOS_id3
2025-08-24 16:00:52,78.256622,14.3170268,2025_IWOOS_id3
2025-08-24 17:00:46,78.2565959,14.3161103,2025_IWOOS_id3
2025-08-24 18:00:52,78.2565224,14.3165614,2025_IWOOS_id3
2025-08-24 19:00:36,78.2566021,14.3164271,2025_IWOOS_id3
2025-08-24 20:00:54,78.2566742,14.3165979,2025_IWOOS_id3
2025-08-24 21:00:40,78.2567783,14.3159806,2025_IWOOS_id3
2025-08-24 22:00:53,78.256815,14.3172764,2025_IWOOS_id3
2025-08-24 23:00:52,78.2570917,14.3179336,2025_IWOOS_id3
2025-08-25 00:00:52,78.257206,14.3185722,2025_IWOOS_id3
2025-08-25 01:00:53,78.2568186,14.3182512,2025_IWOOS_id3
2025-08-25 02:01:34,78.2566554,14.316479,2025_IWOOS_id3
2025-08-25 03:00:43,78.2567026,14.3156635,2025_IWOOS_id3
2025-08-25 04:00:51,78.25682,14.3149543,2025_IWOOS_id3
2025-08-25 05:00:36,78.2566707,14.3154806,2025_IWOOS_id3
2025-08-25 06:01:19,78.2565369,14.3157675,2025_IWOOS_id3
2025-08-25 07:00:40,78.2566851,14.3152117,2025_IWOOS_id3
2025-08-25 08:00:52,78.2567812,14.3151926,2025_IWOOS_id3
2025-08-25 09:00:39,78.2567232,14.3156582,2025_IWOOS_id3
2025-08-25 10:00:51,78.2567884,14.3159352,2025_IWOOS_id3
2025-08-25 11:00:43,78.2568285,14.3157381,2025_IWOOS_id3
2025-08-25 12:00:53,78.2568741,14.3154714,2025_IWOOS_id3
2025-08-25 13:00:40,78.2568704,14.3151615,2025_IWOOS_id3
2025-08-25 14:00:52,78.2567508,14.3156594,2025_IWOOS_id3
2025-08-25 15:00:47,78.2566369,14.3160367,2025_IWOOS_id3
2025-08-25 16:00:51,78.2566408,14.3159688,2025_IWOOS_id3
2025-08-25 17:00:42,78.2566377,14.3155504,2025_IWOOS_id3
2025-08-25 18:01:21,78.2566039,14.3154329,2025_IWOOS_id3
2025-08-25 19:00:36,78.2565797,14.3175049,2025_IWOOS_id3
2025-08-25 20:00:52,78.2566274,14.3186805,2025_IWOOS_id3
2025-08-25 21:00:59,78.2569193,14.3200265,2025_IWOOS_id3
2025-08-25 22:00:54,78.2576471,14.3219537,2025_IWOOS_id3
2025-08-25 23:00:40,78.2573522,14.3214137,2025_IWOOS_id3
2025-08-26 00:01:15,78.2569723,14.3202251,2025_IWOOS_id3
2025-08-26 01:00:39,78.2569351,14.3185314,2025_IWOOS_id3
2025-08-26 02:01:08,78.2574132,14.317728,2025_IWOOS_id3
2025-08-26 03:00:35,78.2574717,14.313711,2025_IWOOS_id3
2025-08-26 04:00:52,78.2570607,14.3143252,2025_IWOOS_id3
2025-08-26 05:00:46,78.2567131,14.3163039,2025_IWOOS_id3
2025-08-26 06:01:02,78.2566207,14.3164397,2025_IWOOS_id3
2025-08-26 07:00:39,78.2567638,14.3184373,2025_IWOOS_id3
2025-08-26 08:00:52,78.2570222,14.3197836,2025_IWOOS_id3
2025-08-26 09:00:37,78.2572237,14.3210824,2025_IWOOS_id3
2025-08-26 10:00:58,78.2571933,14.3208537,2025_IWOOS_id3
2025-08-26 11:00:36,78.257375,14.3209921,2025_IWOOS_id3
2025-08-26 12:00:53,78.257243,14.3192654,2025_IWOOS_id3
2025-08-26 13:00:57,78.2569939,14.3157493,2025_IWOOS_id3
2025-08-26 14:00:56,78.2573952,14.313724,2025_IWOOS_id3
2025-08-26 15:00:40,78.2576258,14.3132098,2025_IWOOS_id3
2025-08-26 16:00:53,78.2573921,14.3130703,2025_IWOOS_id3
2025-08-26 17:00:37,78.2569984,14.3146297,2025_IWOOS_id3
2025-08-26 18:01:16,78.2566899,14.3157029,2025_IWOOS_id3
2025-08-26 19:00:36,78.2565558,14.3163205,2025_IWOOS_id3
2025-08-26 20:01:14,78.2566018,14.3178854,2025_IWOOS_id3
2025-08-26 21:00:39,78.2567409,14.3184005,2025_IWOOS_id3
2025-08-26 22:00:52,78.2566959,14.3182193,2025_IWOOS_id3
2025-08-26 23:00:37,78.2567154,14.3180461,2025_IWOOS_id3
2025-08-27 00:00:52,78.2568764,14.315956,2025_IWOOS_id3
2025-08-27 01:00:45,78.2572542,14.3138246,2025_IWOOS_id3
2025-08-27 02:00:52,78.2570821,14.3136816,2025_IWOOS_id3
2025-08-27 03:00:42,78.2568765,14.3159233,2025_IWOOS_id3
2025-08-27 04:00:51,78.256674,14.3164934,2025_IWOOS_id3
2025-08-27 05:00:42,78.256719,14.3165038,2025_IWOOS_id3
2025-08-27 06:00:51,78.2566854,14.3154812,2025_IWOOS_id3
2025-08-27 07:00:40,78.2566957,14.3151319,2025_IWOOS_id3
2025-08-27 08:00:52,78.2566731,14.3164722,2025_IWOOS_id3
2025-08-27 09:00:39,78.2567243,14.3167934,2025_IWOOS_id3
2025-08-27 10:00:53,78.2568577,14.3163833,2025_IWOOS_id3
2025-08-27 11:00:42,78.2568615,14.318659,2025_IWOOS_id3
2025-08-27 12:00:52,78.2569202,14.3182634,2025_IWOOS_id3
2025-08-27 13:00:43,78.257024,14.3152813,2025_IWOOS_id3
2025-08-27 14:00:52,78.2571094,14.3145324,2025_IWOOS_id3
2025-08-27 15:00:44,78.2569461,14.3147085,2025_IWOOS_id3
2025-08-27 16:00:53,78.2568287,14.3147498,2025_IWOOS_id3
2025-08-27 17:00:40,78.2566651,14.3154589,2025_IWOOS_id3
2025-08-27 18:00:52,78.2565565,14.3159695,2025_IWOOS_id3
2025-08-27 19:00:41,78.2565822,14.314654,2025_IWOOS_id3
2025-08-27 20:00:53,78.2567266,14.3148485,2025_IWOOS_id3
2025-08-27 21:00:38,78.2569056,14.3146996,2025_IWOOS_id3
2025-08-27 22:00:54,78.2572258,14.3136991,2025_IWOOS_id3
2025-08-27 23:00:55,78.2574789,14.313579,2025_IWOOS_id3
2025-08-28 00:00:51,78.2571908,14.3135531,2025_IWOOS_id3
2025-08-28 01:00:40,78.2571083,14.3136004,2025_IWOOS_id3
2025-08-28 02:00:53,78.257211,14.3141923,2025_IWOOS_id3
2025-08-28 03:00:47,78.256753,14.3142117,2025_IWOOS_id3
2025-08-28 04:00:52,78.256714,14.3141486,2025_IWOOS_id3
2025-08-28 05:00:43,78.2566752,14.3139179,2025_IWOOS_id3
2025-08-28 06:00:57,78.2564928,14.3142131,2025_IWOOS_id3
2025-08-28 07:00:40,78.2565655,14.3139137,2025_IWOOS_id3
2025-08-28 08:00:55,78.2565552,14.3141615,2025_IWOOS_id3
2025-08-28 09:00:35,78.2564718,14.3152321,2025_IWOOS_id3
2025-08-28 10:00:51,78.2564989,14.3158025,2025_IWOOS_id3
2025-08-28 11:00:58,78.256641,14.3154273,2025_IWOOS_id3
2025-08-28 12:00:52,78.2566582,14.3150961,2025_IWOOS_id3
2025-08-28 13:00:40,78.2566273,14.3152653,2025_IWOOS_id3
2025-08-28 14:00:55,78.2565997,14.3152796,2025_IWOOS_id3
2025-08-28 15:00:40,78.2566416,14.3147816,2025_IWOOS_id3
2025-08-28 16:00:53,78.2566591,14.3144444,2025_IWOOS_id3
2025-08-28 17:00:53,78.2566279,14.314415,2025_IWOOS_id3
2025-08-28 18:01:15,78.2565619,14.3140146,2025_IWOOS_id3
2025-08-28 19:00:37,78.2564432,14.3140748,2025_IWOOS_id3
2025-08-28 20:01:14,78.2565435,14.3142862,2025_IWOOS_id3
2025-08-28 21:00:43,78.2565491,14.3158067,2025_IWOOS_id3
2025-08-28 22:01:13,78.2565808,14.3172143,2025_IWOOS_id3
2025-08-28 23:00:39,78.2566668,14.3171071,2025_IWOOS_id3
2025-08-29 00:01:01,78.2567508,14.3154757,2025_IWOOS_id3
2025-08-29 01:00:36,78.2567549,14.3150831,2025_IWOOS_id3
2025-08-29 02:00:54,78.257078,14.3145786,2025_IWOOS_id3
2025-08-29 03:00:40,78.257038,14.3135237,2025_IWOOS_id3
2025-08-29 04:00:55,78.2569753,14.3137911,2025_IWOOS_id3
2025-08-29 05:00:35,78.2568835,14.3135001,2025_IWOOS_id3
2025-08-29 06:01:18,78.2566398,14.3140095,2025_IWOOS_id3
2025-08-29 07:00:40,78.2564974,14.3143035,2025_IWOOS_id3
2025-08-29 08:00:53,78.2565169,14.3141073,2025_IWOOS_id3
2025-08-29 09:00:41,78.2565459,14.314465,2025_IWOOS_id3
2025-08-29 10:01:14,78.2566429,14.3142545,2025_IWOOS_id3
2025-08-29 11:00:40,78.2566443,14.3153272,2025_IWOOS_id3
2025-08-29 12:00:52,78.2564924,14.313543,2025_IWOOS_id3
2025-08-29 13:00:36,78.2567492,14.3146497,2025_IWOOS_id3
2025-08-29 14:00:52,78.2568515,14.3143862,2025_IWOOS_id3
2025-08-29 15:00:38,78.2570336,14.3136417,2025_IWOOS_id3
2025-08-29 16:01:20,78.2570247,14.3138878,2025_IWOOS_id3
2025-08-29 17:00:40,78.2566631,14.3142364,2025_IWOOS_id3
2025-08-29 18:00:55,78.2566694,14.3139156,2025_IWOOS_id3
2025-08-29 19:00:39,,14.3171418,2025_IWOOS_id3
2025-08-29 20:01:13,78.2567008,14.3170556,2025_IWOOS_id3
2025-08-29 21:00:39,78.256807,14.318295,2025_IWOOS_id3
2025-08-29 22:01:19,78.2569633,14.3198988,2025_IWOOS_id3
2025-08-29 23:00:45,78.2569744,14.3203586,2025_IWOOS_id3
2025-08-30 00:00:55,78.2572083,14.3206204,2025_IWOOS_id3
2025-08-30 01:00:39,78.2573443,14.3209788,2025_IWOOS_id3
2025-08-30 02:01:01,78.257466,14.3206162,2025_IWOOS_id3
2025-08-30 03:00:41,78.2574446,14.320677,2025_IWOOS_id3
2025-08-30 04:00:53,78.2571816,14.3200578,2025_IWOOS_id3
2025-08-30 05:00:37,78.2567342,14.3181993,2025_IWOOS_id3
2025-08-30 06:01:14,78.2566631,14.3178648,2025_IWOOS_id3
2025-08-30 07:00:34,78.2565663,14.316929,2025_IWOOS_id3
2025-08-30 08:00:51,78.256607,14.3152749,2025_IWOOS_id3
2025-08-30 09:00:39,78.2567298,14.3146275,2025_IWOOS_id3
2025-08-30 10:00:55,78.2567088,14.3144727,2025_IWOOS_id3
2025-08-30 11:00:35,78.256593,14.315998,2025_IWOOS_id3
2025-08-30 12:00:52,78.2566717,14.3161669,2025_IWOOS_id3
2025-08-30 13:00:37,78.2566676,14.3156745,2025_IWOOS_id3
2025-08-30 14:00:52,78.2567244,14.3154467,2025_IWOOS_id3
2025-08-30 15:00:42,78.2568966,14.3143331,2025_IWOOS_id3
2025-08-30 16:00:52,78.2568891,14.3141886,2025_IWOOS_id3
2025-08-30 17:00:38,78.2567208,14.3144304,2025_IWOOS_id3
2025-08-30 18:00:57,78.2566008,14.3141237,2025_IWOOS_id3
2025-08-30 19:00:39,78.2564607,14.314468,2025_IWOOS_id3
2025-08-30 20:00:50,78.2564444,14.314902,2025_IWOOS_id3
2025-08-30 21:00:59,78.2565059,14.314403,2025_IWOOS_id3
2025-08-30 22:00:54,78.2564801,14.3141431,2025_IWOOS_id3
2025-08-30 23:00:39,78.25658,14.3146478,2025_IWOOS_id3
2025-08-31 00:00:53,78.2566105,14.3148436,2025_IWOOS_id3
2025-08-31 01:00:38,78.256703,14.3146393,2025_IWOOS_id3
2025-08-31 02:00:53,78.2567224,14.3146932,2025_IWOOS_id3
2025-08-31 03:00:37,78.2568734,14.3142084,2025_IWOOS_id3
2025-08-31 04:00:53,78.2569395,14.3139272,2025_IWOOS_id3
2025-08-31 05:00:39,78.2571031,14.313785,2025_IWOOS_id3
2025-08-31 06:00:56,78.2569893,14.3143369,2025_IWOOS_id3
2025-08-31 07:00:39,78.2568713,14.3151091,2025_IWOOS_id3
2025-08-31 08:00:53,78.2567182,14.3150152,2025_IWOOS_id3
2025-08-31 09:00:38,78.2568472,14.3145442,2025_IWOOS_id3
2025-08-31 10:00:51,78.2568776,14.3146665,2025_IWOOS_id3
2025-08-31 11:00:52,78.2568924,14.3156474,2025_IWOOS_id3
2025-08-31 12:00:51,78.2568408,14.3164996,2025_IWOOS_id3
2025-08-31 13:00:35,78.2568851,14.3167572,2025_IWOOS_id3
2025-08-31 14:00:50,78.2569311,14.3163075,2025_IWOOS_id3
2025-08-31 15:00:38,78.2569068,14.3162636,2025_IWOOS_id3
2025-08-31 16:00:56,78.2568965,14.3163002,2025_IWOOS_id3
2025-08-31 17:00:39,78.2569729,14.3156696,2025_IWOOS_id3
2025-08-31 18:00:52,78.2569038,14.3157144,2025_IWOOS_id3
2025-08-31 19:00:36,78.2568392,14.3159276,2025_IWOOS_id3
2025-08-31 20:00:52,78.25677,14.3161365,2025_IWOOS_id3
2025-08-31 21:00:39,78.256839,14.315798,2025_IWOOS_id3
2025-08-31 22:00:50,78.2568249,14.3158182,2025_IWOOS_id3
2025-08-31 23:00:38,78.2568897,14.3162021,2025_IWOOS_id3
2025-09-01 00:00:54,78.2568442,14.316954,2025_IWOOS_id3
2025-09-01 01:00:37,78.2569225,14.3166155,2025_IWOOS_id3
2025-09-01 02:00:53,78.2568492,14.3171912,2025_IWOOS_id3
2025-09-01 03:00:41,78.2567914,14.3169256,2025_IWOOS_id3
2025-09-01 04:00:53,78.2568885,14.3161501,2025_IWOOS_id3
2025-09-01 05:00:42,78.2567901,14.3167488,2025_IWOOS_id3
2025-09-01 06:00:57,78.25673,14.3157505,2025_IWOOS_id3
2025-09-01 07:00:41,78.2568851,14.3148952,2025_IWOOS_id3
2025-09-01 08:00:53,78.2568264,14.3153972,2025_IWOOS_id3
2025-09-01 09:00:39,78.2568094,14.3158591,2025_IWOOS_id3
2025-09-01 10:00:53,78.2569414,14.3155129,2025_IWOOS_id3
2025-09-01 11:00:59,78.25693,14.3153383,2025_IWOOS_id3
2025-09-01 12:00:55,,14.3151328,2025_IWOOS_id3
2025-09-01 13:00:37,78.2569409,14.3154787,2025_IWOOS_id3
2025-09-01 14:00:53,78.2569313,14.3150973,2025_IWOOS_id3
2025-09-01 15:00:34,78.2569875,14.3149318,2025_IWOOS_id3
2025-09-01 16:01:01,78.2569728,14.3145735,2025_IWOOS_id3
2025-09-01 17:00:36,78.2571976,14.3144039,2025_IWOOS_id3
2025-09-01 18:00:51,78.2573003,14.3141886,2025_IWOOS_id3
2025-09-01 19:00:44,78.2573735,14.3140424,2025_IWOOS_id3
2025-09-01 20:00:54,78.2573553,14.3133224,2025_IWOOS_id3
2025-09-01 21:00:38,78.2570476,14.3149236,2025_IWOOS_id3
2025-09-01 22:01:14,78.256874,14.3154517,2025_IWOOS_id3
2025-09-01 23:00:38,78.2568501,14.3160885,2025_IWOOS_id3
2025-09-02 00:00:54,78.2568319,14.3169437,2025_IWOOS_id3
2025-09-02 01:00:44,78.256703,14.3163525,2025_IWOOS_id3
2025-09-02 01:59:54,78.2565215,,2025_IWOOS_id3
2025-09-02 03:00:41,78.2568202,14.3158874,2025_IWOOS_id3
2025-09-02 04:00:57,78.2568765,14.3150171,2025_IWOOS_id3
2025-09-02 05:00:37,78.2570597,14.3143707,2025_IWOOS_id3
2025-09-02 06:00:53,78.2570892,14.3142125,2025_IWOOS_id3
2025-09-02 07:00:39,78.2571898,14.3134287,2025_IWOOS_id3
2025-09-02 08:00:53,78.2569891,14.3140941,2025_IWOOS_id3
2025-09-02 09:00:41,78.2569732,14.3139703,2025_IWOOS_id3
2025-09-02 10:00:53,78.2568422,14.314797,2025_IWOOS_id3
2025-09-02 11:00:40,78.2567971,14.3151994,2025_IWOOS_id3
2025-09-02 12:00:51,78.2568646,14.3152587,2025_IWOOS_id3
2025-09-02 13:00:41,78.2568484,14.3158751,2025_IWOOS_id3
2025-09-02 14:00:53,78.2568921,14.3162895,2025_IWOOS_id3
2025-09-02 15:00:37,78.2568733,14.3159848,2025_IWOOS_id3
2025-09-02 16:00:54,78.2568804,14.3162717,2025_IWOOS_id3
2025-09-02 17:00:34,78.2569555,14.3158792,2025_IWOOS_id3
2025-09-02 18:00:54,78.2569789,14.3157184,2025_IWOOS_id3
2025-09-02 19:00:39,78.2570273,14.3159367,2025_IWOOS_id3
2025-09-02 20:00:53,78.2569598,14.3162914,2025_IWOOS_id3
2025-09-02 21:00:40,78.256983,14.3159818,2025_IWOOS_id3
2025-09-02 22:00:52,78.2569444,14.3157459,2025_IWOOS_id3
2025-09-02 23:00:32,78.2569433,14.315955,2025_IWOOS_id3
2025-09-03 00:00:59,78.2568307,14.3161509,2025_IWOOS_id3
2025-09-03 02:01:21,78.2568373,14.3157947,2025_IWOOS_id3
2025-09-03 03:00:41,78.2568913,14.3158947,2025_IWOOS_id3
2025-09-03 04:00:54,78.2570091,14.3158898,2025_IWOOS_id3
2025-09-03 05:00:57,78.2571804,14.3145126,2025_IWOOS_id3
2025-09-03 06:00:54,78.257344,14.3143641,2025_IWOOS_id3
2025-09-03 07:00:40,78.2573466,14.3143653,2025_IWOOS_id3
2025-09-03 08:00:55,78.2573833,,2025_IWOOS_id3
2025-09-03 09:00:41,78.2573863,14.3144245,2025_IWOOS_id3
2025-09-03 10:00:53,78.257367,14.3144028,2025_IWOOS_id3
2025-09-03 11:00:40,78.2573509,14.3141608,2025_IWOOS_id3
2025-09-03 12:00:52,78.2572673,14.3144765,2025_IWOOS_id3
2025-09-03 13:00:37,78.2570453,14.314693,2025_IWOOS_id3
2025-09-03 14:00:53,78.256916,14.3150399,2025_IWOOS_id3
2025-09-03 15:00:36,78.256935,14.3154357,2025_IWOOS_id3
2025-09-03 16:00:54,78.2568907,14.3159738,2025_IWOOS_id3
2025-09-03 17:00:35,78.256961,14.3160202,2025_IWOOS_id3
2025-09-03 18:00:51,78.2568923,14.3163032,2025_IWOOS_id3
2025-09-03 19:00:38,78.2569866,14.3159073,2025_IWOOS_id3
2025-09-03 20:01:01,78.2572259,,2025_IWOOS_id3
2025-09-03 21:00:52,78.257065,14.3156333,2025_IWOOS_id3
2025-09-03 22:00:53,78.2570105,14.3158724,2025_IWOOS_id3
2025-09-03 23:00:41,78.2570671,14.314581,2025_IWOOS_id3
2025-09-04 00:00:53,78.2569809,14.3148941,2025_IWOOS_id3
2025-09-04 01:00:40,78.2569148,14.3156399,2025_IWOOS_id3
2025-09-04 02:01:15,78.2570089,14.3152072,2025_IWOOS_id3
2025-09-04 03:00:44,78.2569431,14.3156035,2025_IWOOS_id3
2025-09-04 04:00:55,78.2569101,14.3156978,2025_IWOOS_id3
2025-09-04 05:00:37,78.2569564,14.3160176,2025_IWOOS_id3
2025-09-04 06:00:51,78.2569388,14.3168627,2025_IWOOS_id3
2025-09-04 07:00:38,78.2569355,14.3178107,2025_IWOOS_id3
2025-09-04 08:00:50,78.2570034,14.3175685,2025_IWOOS_id3
2025-09-04 09:00:39,78.2570296,14.3158419,2025_IWOOS_id3
2025-09-04 10:00:57,78.2570237,14.3157711,2025_IWOOS_id3
2025-09-04 11:00:35,78.2570294,14.3156781,2025_IWOOS_id3
2025-09-04 12:00:55,78.2569524,,2025_IWOOS_id3
2025-09-04 13:00:42,78.2569583,14.3153632,2025_IWOOS_id3
2025-09-04 14:00:52,78.2568448,14.3156335,2025_IWOOS_id3
2025-09-04 15:00:41,78.2569029,14.3157942,2025_IWOOS_id3
2025-09-04 16:00:55,,14.3150808,2025_IWOOS_id3
2025-09-04 17:00:37,78.2568456,14.3164843,2025_IWOOS_id3
2025-09-04 18:01:14,78.2568739,14.3171848,2025_IWOOS_id3
2025-09-04 19:00:43,78.2568163,14.3177099,2025_IWOOS_id3
2025-09-04 20:00:53,78.2570916,14.316638,2025_IWOOS_id3
2025-09-04 21:00:40,78.2569555,14.3151846,2025_IWOOS_id3
2025-09-04 22:01:21,78.2570682,14.3142136,2025_IWOOS_id3
2025-09-04 23:00:38,78.2571994,14.3138999,2025_IWOOS_id3
2025-09-05 00:01:20,78.2569011,14.3140921,2025_IWOOS_id3
2025-09-05 01:00:38,78.2567134,14.3155409,2025_IWOOS_id3
2025-09-05 02:01:14,,14.3160931,2025_IWOOS_id3
2025-09-05 03:00:37,78.2568,14.3147957,2025_IWOOS_id3
2025-09-05 04:00:51,78.2568266,14.3133765,2025_IWOOS_id3
2025-09-05 05:01:12,78.2567307,14.313652,2025_IWOOS_id3
2025-09-05 06:00:52,78.2567435,14.3135875,2025_IWOOS_id3
2025-09-05 07:00:36,78.2566137,14.3144424,2025_IWOOS_id3
2025-09-05 08:00:52,78.2566079,14.3152056,2025_IWOOS_id3
2025-09-05 09:00:42,78.2565428,14.3161402,2025_IWOOS_id3
2025-09-05 10:01:14,78.2566505,14.3140833,2025_IWOOS_id3
2025-09-05 11:00:36,78.2566071,14.313934,2025_IWOOS_id3
2025-09-05 12:00:53,78.2565345,14.3143975,2025_IWOOS_id3
2025-09-05 13:00:52,78.2565493,14.3145799,2025_IWOOS_id3
2025-09-05 14:00:53,78.256439,14.3148844,2025_IWOOS_id3
2025-09-05 15:00:43,78.2565277,14.3143077,2025_IWOOS_id3
2025-09-05 16:00:52,78.2566901,14.3156931,2025_IWOOS_id3
2025-09-05 17:00:38,78.2566377,14.3154875,2025_IWOOS_id3
2025-09-05 18:00:53,78.2566888,14.3153776,2025_IWOOS_id3
2025-09-05 19:00:41,78.256805,14.3150086,2025_IWOOS_id3
2025-09-05 20:00:52,78.2567358,14.3157607,2025_IWOOS_id3
2025-09-05 21:00:42,78.2569565,14.3147917,2025_IWOOS_id3
2025-09-05 22:00:54,78.2570688,14.314157,2025_IWOOS_id3
2025-09-05 23:00:38,78.2571655,,2025_IWOOS_id3
2025-09-06 00:01:14,78.2569327,14.3143379,2025_IWOOS_id3
2025-09-06 01:00:40,78.2566784,14.3142154,2025_IWOOS_id3
2025-09-06 02:01:15,78.2566784,14.3149897,2025_IWOOS_id3
2025-09-06 03:00:42,78.2567403,14.3145526,2025_IWOOS_id3
2025-09-06 04:00:52,78.2566102,14.3151964,2025_IWOOS_id3
2025-09-06 05:00:40,78.2567296,14.3154159,2025_IWOOS_id3
2025-09-06 06:00:52,78.2567365,14.3166401,2025_IWOOS_id3
2025-09-06 07:00:34,78.2567639,14.3164325,2025_IWOOS_id3
2025-09-06 08:00:52,78.2568021,14.3174732,2025_IWOOS_id3
2025-09-06 09:00:37,78.2569371,14.3173815,2025_IWOOS_id3
2025-09-06 10:00:55,78.2575353,14.3209692,2025_IWOOS_id3
2025-09-06 11:00:40,78.2576201,14.321425,2025_IWOOS_id3
2025-09-06 12:01:04,78.2574797,14.3213718,2025_IWOOS_id3
2025-09-06 13:00:39,78.2572689,14.3214832,2025_IWOOS_id3
2025-09-06 14:00:52,78.2574578,14.3218256,2025_IWOOS_id3
2025-09-06 15:00:38,78.2573893,14.3218578,2025_IWOOS_id3
2025-09-06 16:00:54,78.2572473,,2025_IWOOS_id3
2025-09-06 17:00:52,78.2571964,14.321782,2025_IWOOS_id3
2025-09-06 18:00:56,78.257372,14.3218652,2025_IWOOS_id3
2025-09-06 19:00:37,78.2579674,14.3216758,2025_IWOOS_id3
2025-09-06 20:00:53,78.2580748,14.3216745,2025_IWOOS_id3
2025-09-06 21:00:40,78.258017,14.3220029,2025_IWOOS_id3
2025-09-06 22:00:53,78.2580256,14.3217233,2025_IWOOS_id3
2025-09-06 23:00:41,78.2582482,14.3209838,2025_IWOOS_id3
2025-09-07 00:00:53,78.2584996,14.3203873,2025_IWOOS_id3
2025-09-07 01:00:40,78.2584179,14.3202296,2025_IWOOS_id3
2025-09-07 02:00:56,78.2587292,14.3208021,2025_IWOOS_id3
2025-09-07 03:00:45,78.2583572,14.320158,2025_IWOOS_id3
2025-09-07 04:00:53,78.2581139,14.3209563,2025_IWOOS_id3
2025-09-07 05:00:41,78.2581213,14.3213707,2025_IWOOS_id3
2025-09-07 06:01:15,78.2580131,14.3223474,2025_IWOOS_id3
2025-09-07 07:00:33,78.2580407,14.3236326,2025_IWOOS_id3
2025-09-07 08:00:52,78.2582292,14.3226587,2025_IWOOS_id3
2025-09-07 09:00:37,78.2583182,14.3232242,2025_IWOOS_id3
2025-09-07 10:01:15,78.2583961,14.3227545,2025_IWOOS_id3
2025-09-07 11:00:43,78.258403,14.3221504,2025_IWOOS_id3
2025-09-07 12:00:53,78.2584091,14.3218175,2025_IWOOS_id3
2025-09-07 13:00:39,78.2584199,14.3208344,2025_IWOOS_id3
2025-09-07 14:00:53,78.2583464,14.3213145,2025_IWOOS_id3
2025-09-07 15:00:53,78.2583697,14.3211636,2025_IWOOS_id3
2025-09-07 16:01:16,78.258218,14.3227968,2025_IWOOS_id3
2025-09-07 17:00:41,78.2581211,14.3229366,2025_IWOOS_id3
2025-09-07 18:01:16,78.2582845,14.323491,2025_IWOOS_id3
2025-09-07 19:00:39,78.2583139,14.3237163,2025_IWOOS_id3
2025-09-07 20:01:20,78.258295,14.3240922,2025_IWOOS_id3
2025-09-07 21:00:36,78.2582874,14.3239144,2025_IWOOS_id3
2025-09-07 22:01:18,78.2583406,14.3237523,2025_IWOOS_id3
2025-09-07 22:25:20,78.2583317,14.3233503,2025_IWOOS_id3
2025-09-07 23:00:32,78.2583182,14.3234321,2025_IWOOS_id3
2025-09-08 00:01:20,78.2583253,14.3228106,2025_IWOOS_id3
2025-09-08 01:00:43,78.2581924,14.3225932,2025_IWOOS_id3
2025-09-08 02:01:13,78.2580974,14.3226403,2025_IWOOS_id3
2025-09-08 03:00:39,78.2581085,,2025_IWOOS_id3
2025-09-08 04:00:56,78.2578343,14.3224224,2025_IWOOS_id3
2025-09-08 05:00:40,78.2578845,14.3224501,2025_IWOOS_id3
2025-09-08 06:01:23,78.2580678,14.3222455,2025_IWOOS_id3
2025-09-08 07:00:33,78.258123,14.3230978,2025_IWOOS_id3
2025-09-08 08:00:54,78.2580793,14.3229553,2025_IWOOS_id3
2025-09-08 09:00:42,78.2582832,14.3225441,2025_IWOOS_id3
2025-09-08 10:00:52,78.2583255,14.3222581,2025_IWOOS_id3
2025-09-08 11:00:40,78.2583294,14.3221992,2025_IWOOS_id3
2025-09-08 12:01:15,78.2583232,14.3223199,2025_IWOOS_id3
2025-09-08 13:01:10,78.2581972,14.321744,2025_IWOOS_id3
2025-09-08 14:01:23,78.2579153,14.3218915,2025_IWOOS_id3
2025-09-08 15:00:41,78.2574981,14.3217832,2025_IWOOS_id3
2025-09-08 16:01:14,78.2579066,14.3201619,2025_IWOOS_id3
2025-09-08 17:00:36,78.2582203,14.3189447,2025_IWOOS_id3
2025-09-08 18:00:59,78.2580965,14.31984,2025_IWOOS_id3
2025-09-08 19:00:37,78.2580569,14.3217634,2025_IWOOS_id3
2025-09-08 20:01:14,78.2581064,14.3205968,2025_IWOOS_id3
2025-09-08 21:01:16,78.2581208,14.3210378,2025_IWOOS_id3
2025-09-08 22:00:53,78.2580356,14.3212821,2025_IWOOS_id3
2025-09-08 23:00:34,78.258017,14.3213575,2025_IWOOS_id3
2025-09-09 00:00:53,78.2579891,14.3210436,2025_IWOOS_id3
2025-09-09 01:00:59,78.2578363,14.3207528,2025_IWOOS_id3
2025-09-09 02:00:53,78.2578519,14.3191185,2025_IWOOS_id3
2025-09-09 03:00:41,78.257716,14.3163593,2025_IWOOS_id3
2025-09-09 04:00:53,78.2569979,14.3141015,2025_IWOOS_id3
2025-09-09 05:00:43,78.256813,14.3140729,2025_IWOOS_id3
2025-09-09 06:00:57,78.2564813,14.3154055,2025_IWOOS_id3
2025-09-09 07:00:36,78.256713,14.3161825,2025_IWOOS_id3
2025-09-09 08:00:54,78.2565234,14.3174642,2025_IWOOS_id3
2025-09-09 09:00:36,78.2566522,14.3165054,2025_IWOOS_id3
2025-09-09 10:00:56,78.256688,14.3167981,2025_IWOOS_id3
2025-09-09 11:00:38,78.2568753,14.3154604,2025_IWOOS_id3
2025-09-09 12:00:52,78.2571081,14.3139854,2025_IWOOS_id3
2025-09-09 13:00:43,78.2573747,14.3132095,2025_IWOOS_id3
2025-09-09 14:00:51,78.2571594,14.3130179,2025_IWOOS_id3
2025-09-09 15:00:40,78.2569893,14.3129413,2025_IWOOS_id3
2025-09-09 16:00:51,78.2569135,14.3128854,2025_IWOOS_id3
2025-09-09 17:00:38,78.2567574,14.3130906,2025_IWOOS_id3
2025-09-09 18:00:52,78.2568476,14.3128542,2025_IWOOS_id3
2025-09-09 19:00:35,78.2568602,14.3135554,2025_IWOOS_id3
2025-09-09 20:00:54,78.2569537,14.3138143,2025_IWOOS_id3
2025-09-09 21:00:41,78.2571485,14.3140701,2025_IWOOS_id3
2025-09-09 22:00:53,78.2572676,14.3137475,2025_IWOOS_id3
2025-09-09 23:00:39,78.257414,14.3136818,2025_IWOOS_id3
2025-09-10 00:00:52,78.2573847,14.3134503,2025_IWOOS_id3
2025-09-10 01:00:40,78.2571893,14.3128316,2025_IWOOS_id3
2025-09-10 02:00:54,78.2569985,14.312679,2025_IWOOS_id3
2025-09-10 03:00:41,78.2566941,14.313282,2025_IWOOS_id3
2025-09-10 04:00:53,78.2565998,14.3133047,2025_IWOOS_id3
2025-09-10 05:00:40,78.2566651,14.3125758,2025_IWOOS_id3
2025-09-10 06:00:53,78.2567078,14.3129769,2025_IWOOS_id3
2025-09-10 07:00:39,78.2566186,14.3136355,2025_IWOOS_id3
2025-09-10 08:01:15,78.2565983,14.3154218,2025_IWOOS_id3
2025-09-10 09:00:40,78.256732,14.3159974,2025_IWOOS_id3
2025-09-10 10:00:54,78.2572239,14.3174556,2025_IWOOS_id3
2025-09-10 11:00:38,78.257735,14.3211212,2025_IWOOS_id3
2025-09-10 12:00:55,78.2575482,14.3211239,2025_IWOOS_id3
2025-09-10 13:00:36,78.2577568,14.3207372,2025_IWOOS_id3
2025-09-10 14:01:21,78.2577601,14.3209647,2025_IWOOS_id3
2025-09-10 15:00:34,78.2573381,14.3199375,2025_IWOOS_id3
2025-09-10 16:00:55,78.2570065,14.3169616,2025_IWOOS_id3
2025-09-10 17:00:36,78.2567709,14.318056,2025_IWOOS_id3
2025-09-10 18:01:29,78.2568242,14.3174821,2025_IWOOS_id3
2025-09-10 19:00:44,78.2568008,14.3173931,2025_IWOOS_id3
2025-09-10 20:00:52,78.2566864,14.3173507,2025_IWOOS_id3
2025-09-10 21:00:38,78.2567975,14.3186416,2025_IWOOS_id3
2025-09-10 22:00:53,78.2571775,14.3216744,2025_IWOOS_id3
2025-09-10 23:00:40,78.2572066,14.3215307,2025_IWOOS_id3
2025-09-11 00:01:14,78.2575905,,2025_IWOOS_id3
2025-09-11 01:01:03,78.2573109,14.3213546,2025_IWOOS_id3
2025-09-11 02:00:53,78.2575509,14.3213694,2025_IWOOS_id3
2025-09-11 03:00:38,78.2573232,14.3200785,2025_IWOOS_id3
2025-09-11 04:01:22,78.2573688,14.3203725,2025_IWOOS_id3
2025-09-11 05:01:07,78.2573227,14.3209616,2025_IWOOS_id3
2025-09-11 06:01:19,78.2567895,14.3192519,2025_IWOOS_id3
2025-09-11 07:00:40,78.2567523,14.3160546,2025_IWOOS_id3
2025-09-11 08:01:14,78.2571823,14.3157721,2025_IWOOS_id3
2025-09-11 09:00:39,78.2580085,14.3196459,2025_IWOOS_id3
2025-09-11 10:01:20,78.2577378,14.3201923,2025_IWOOS_id3
2025-09-11 11:00:40,78.2580026,14.3205758,2025_IWOOS_id3
2025-09-11 12:00:52,78.2579428,14.3214658,2025_IWOOS_id3
2025-09-11 13:01:13,78.2578158,14.3224921,2025_IWOOS_id3
2025-09-11 14:01:20,78.2578274,14.3229115,2025_IWOOS_id3
2025-09-11 15:00:58,78.2576587,14.3225993,2025_IWOOS_id3
2025-09-11 16:00:54,78.2572269,14.3222064,2025_IWOOS_id3
2025-09-11 17:00:39,78.257337,14.3219453,2025_IWOOS_id3
2025-09-11 18:00:53,78.257162,14.321944,2025_IWOOS_id3
2025-09-11 19:00:51,78.2570477,14.3214287,2025_IWOOS_id3
2025-09-11 20:01:01,78.2574059,14.3226973,2025_IWOOS_id3
2025-09-11 21:00:39,78.2573111,14.3230368,2025_IWOOS_id3
2025-09-11 22:00:53,78.257599,14.3230283,2025_IWOOS_id3
2025-09-11 23:00:39,78.2577859,14.3229991,2025_IWOOS_id3
2025-09-12 00:00:52,78.2580239,14.3226892,2025_IWOOS_id3
2025-09-12 01:00:43,78.2581304,14.322331,2025_IWOOS_id3
2025-09-12 02:00:54,78.2581652,14.3211737,2025_IWOOS_id3
2025-09-12 03:00:37,78.258045,14.3208316,2025_IWOOS_id3
2025-09-12 04:00:53,78.2577676,14.3208875,2025_IWOOS_id3
2025-09-12 05:00:58,78.2574072,14.3211786,2025_IWOOS_id3
2025-09-12 06:00:51,78.2570741,14.3204352,2025_IWOOS_id3
2025-09-12 07:00:40,78.2565976,14.3168745,2025_IWOOS_id3
2025-09-12 08:00:54,78.2567126,14.3171567,2025_IWOOS_id3
2025-09-12 09:00:39,78.2569056,14.3161837,2025_IWOOS_id3
2025-09-12 10:00:52,78.2573463,14.3149774,2025_IWOOS_id3
2025-09-12 11:00:36,78.2574887,14.3151907,2025_IWOOS_id3
2025-09-12 12:00:54,78.2575797,14.3144037,2025_IWOOS_id3
2025-09-12 13:00:38,78.2575522,14.3152173,2025_IWOOS_id3
2025-09-12 14:00:53,78.2574043,14.3146949,2025_IWOOS_id3
2025-09-12 15:00:39,78.2573253,14.313987,2025_IWOOS_id3
2025-09-12 16:01:03,78.256719,14.3137545,2025_IWOOS_id3
2025-09-12 17:00:52,78.2565874,14.313377,2025_IWOOS_id3
2025-09-12 18:00:53,78.2566255,14.3132865,2025_IWOOS_id3
2025-09-12 19:00:37,78.2566245,14.3137854,2025_IWOOS_id3
2025-09-12 20:00:55,78.2567004,14.3134428,2025_IWOOS_id3
2025-09-12 21:00:40,78.2566821,14.3139488,2025_IWOOS_id3
2025-09-12 22:00:54,78.2568918,14.3141207,2025_IWOOS_id3
2025-09-12 23:00:34,78.2569736,14.3141616,2025_IWOOS_id3
2025-09-13 00:00:54,78.2571062,14.3146861,2025_IWOOS_id3
2025-09-13 01:00:59,78.2572099,14.3146535,2025_IWOOS_id3
2025-09-13 02:01:22,78.2572527,14.3145871,2025_IWOOS_id3
2025-09-13 03:00:42,78.2571344,14.3134304,2025_IWOOS_id3
2025-09-13 04:00:52,78.2570251,14.3130438,2025_IWOOS_id3
2025-09-13 05:01:01,78.2569015,14.3133337,2025_IWOOS_id3
2025-09-13 06:00:54,78.2567321,,2025_IWOOS_id3
2025-09-13 07:00:40,78.2567239,14.3129877,2025_IWOOS_id3
2025-09-13 08:00:54,78.2568191,14.3130179,2025_IWOOS_id3
2025-09-13 09:00:39,78.2568112,14.3127772,2025_IWOOS_id3
2025-09-13 10:01:14,,14.3134827,2025_IWOOS_id3
2025-09-13 11:00:40,78.2568263,14.3138341,2025_IWOOS_id3
2025-09-13 12:01:20,78.2568629,14.3133359,2025_IWOOS_id3
2025-09-13 13:00:42,78.2568345,14.3134957,2025_IWOOS_id3
2025-09-13 14:01:14,78.2567295,,2025_IWOOS_id3
2025-09-13 15:00:42,78.2567689,14.3137894,2025_IWOOS_id3
2025-09-13 16:00:59,78.256675,14.3133135,2025_IWOOS_id3
2025-09-13 17:00:39,78.2565993,14.3130453,2025_IWOOS_id3
2025-09-13 18:01:14,78.2567065,14.3124782,2025_IWOOS_id3
2025-09-13 19:00:52,78.256838,14.3122432,2025_IWOOS_id3
2025-09-13 20:00:53,78.2566375,14.3129394,2025_IWOOS_id3
2025-09-13 21:00:36,78.2566347,14.3131729,2025_IWOOS_id3
2025-09-13 22:00:54,78.2566019,14.3131906,2025_IWOOS_id3
2025-09-13 23:00:37,78.2565335,14.314133,2025_IWOOS_id3
2025-09-14 00:00:52,78.2564247,14.3150112,2025_IWOOS_id3
2025-09-14 01:00:39,78.2566018,14.3141784,2025_IWOOS_id3
2025-09-14 02:01:21,78.2567464,14.3137222,2025_IWOOS_id3
2025-09-14 03:00:34,78.2570392,14.3126105,2025_IWOOS_id3
2025-09-14 04:00:55,78.2570431,14.3126073,2025_IWOOS_id3
2025-09-14 05:01:08,78.2571545,14.3119762,2025_IWOOS_id3
2025-09-14 06:00:55,78.257018,14.3136743,2025_IWOOS_id3
2025-09-14 07:00:43,78.2568965,14.3121577,2025_IWOOS_id3
2025-09-14 08:00:56,78.2565484,14.3147416,2025_IWOOS_id3
2025-09-14 09:00:39,78.2564597,14.3150337,2025_IWOOS_id3
2025-09-14 10:00:53,78.2563053,14.3159814,2025_IWOOS_id3
2025-09-14 11:00:36,78.2565092,14.3153795,2025_IWOOS_id3
2025-09-14 12:00:54,78.2566827,14.3153426,2025_IWOOS_id3
2025-09-14 13:00:39,78.2565776,14.3153968,2025_IWOOS_id3
2025-09-14 14:00:53,78.2565391,14.3154983,2025_IWOOS_id3
2025-09-14 15:00:36,78.2567109,14.3138384,2025_IWOOS_id3
2025-09-14 16:00:54,78.2566802,14.3140194,2025_IWOOS_id3
2025-09-14 17:00:37,78.2566368,14.3134961,2025_IWOOS_id3
2025-09-14 18:00:54,78.2566612,14.3129287,2025_IWOOS_id3
2025-09-14 19:00:35,78.2565452,14.3136754,2025_IWOOS_id3
2025-09-14 20:00:55,78.2563665,14.313659,2025_IWOOS_id3
2025-09-14 21:00:39,78.2563101,14.3133275,2025_IWOOS_id3
2025-09-14 22:00:52,78.2562762,,2025_IWOOS_id3
2025-09-14 23:00:37,78.2563042,14.3133253,2025_IWOOS_id3
2025-09-15 00:00:51,78.2563204,14.3137212,2025_IWOOS_id3
2025-09-15 01:00:34,78.2564358,14.3134795,2025_IWOOS_id3
2025-09-15 02:00:53,78.2563003,14.3133735,2025_IWOOS_id3
2025-09-15 03:00:38,78.2564067,14.3130512,2025_IWOOS_id3
2025-09-15 04:00:53,78.2563826,14.3128621,2025_IWOOS_id3
2025-09-15 05:00:39,78.2565051,14.3126228,2025_IWOOS_id3
2025-09-15 06:01:20,78.2564898,14.3125473,2025_IWOOS_id3
2025-09-15 07:00:38,78.2565204,14.3122535,2025_IWOOS_id3
2025-09-15 08:00:52,78.2565512,14.312379,2025_IWOOS_id3
2025-09-15 09:00:37,78.2564464,14.3126242,2025_IWOOS_id3
2025-09-15 10:00:51,78.2563629,14.3125957,2025_IWOOS_id3
2025-09-15 11:00:39,78.2563408,14.3137545,2025_IWOOS_id3
2025-09-15 12:00:52,78.2564086,14.3133821,2025_IWOOS_id3
2025-09-15 13:00:34,78.2565839,14.3130193,2025_IWOOS_id3
2025-09-15 14:00:57,78.2566476,14.3137299,2025_IWOOS_id3
2025-09-15 15:00:35,78.2565526,14.3144014,2025_IWOOS_id3
2025-09-15 16:00:54,78.2565335,14.3141611,2025_IWOOS_id3
2025-09-15 17:00:35,78.2564445,14.3142833,2025_IWOOS_id3
2025-09-15 18:00:53,78.256298,14.314555,2025_IWOOS_id3
2025-09-15 19:00:40,78.2564937,14.3132477,2025_IWOOS_id3
2025-09-15 20:00:54,78.2567681,14.3124467,2025_IWOOS_id3
2025-09-15 21:00:45,78.2569288,14.3125803,2025_IWOOS_id3
2025-09-15 22:00:55,78.2567486,14.3123742,2025_IWOOS_id3
2025-09-15 23:00:37,78.2567483,14.3125911,2025_IWOOS_id3
2025-09-16 00:01:22,78.2569421,14.3124419,2025_IWOOS_id3
2025-09-16 01:00:42,78.2570073,14.3127658,2025_IWOOS_id3
2025-09-16 02:00:54,78.2572609,14.3125819,2025_IWOOS_id3
2025-09-16 03:00:49,78.2573344,14.3130149,2025_IWOOS_id3
2025-09-16 05:00:39,78.257354,14.313345,2025_IWOOS_id3
2025-09-16 06:01:15,78.2573275,14.3135017,2025_IWOOS_id3
2025-09-16 07:00:38,78.2573118,14.3135942,2025_IWOOS_id3
2025-09-16 08:00:55,78.2573912,14.3131499,2025_IWOOS_id3
2025-09-16 09:00:36,78.2572276,14.3129941,2025_IWOOS_id3
2025-09-16 10:00:58,78.2571355,14.3134998,2025_IWOOS_id3
2025-09-16 11:00:39,78.2569572,,2025_IWOOS_id3
2025-09-16 12:00:53,78.2570002,14.3134542,2025_IWOOS_id3
2025-09-16 13:00:34,78.2571779,14.3136055,2025_IWOOS_id3
2025-09-16 14:00:51,78.2573203,14.3135527,2025_IWOOS_id3
2025-09-16 15:00:40,78.2574109,14.3139278,2025_IWOOS_id3
2025-09-16 16:01:14,78.2574746,14.3141822,2025_IWOOS_id3
2025-09-16 17:00:35,78.2575135,,2025_IWOOS_id3
2025-09-16 18:00:52,78.2574386,14.3140266,2025_IWOOS_id3
2025-09-16 19:00:52,78.2574472,14.3138204,2025_IWOOS_id3
2025-09-16 20:00:54,78.2574018,14.3136945,2025_IWOOS_id3
2025-09-16 21:00:51,78.257521,14.3131442,2025_IWOOS_id3
2025-09-16 22:01:28,78.2574291,14.3129544,2025_IWOOS_id3
2025-09-16 23:00:35,78.2573522,14.3127879,2025_IWOOS_id3
2025-09-17 00:00:54,78.2572221,14.3129623,2025_IWOOS_id3
2025-09-17 01:00:53,78.2571715,14.3132688,2025_IWOOS_id3
2025-09-17 02:01:15,78.2571644,14.3133362,2025_IWOOS_id3
2025-09-17 03:00:53,78.2572648,14.3134115,2025_IWOOS_id3
2025-09-17 04:00:53,78.2573109,14.3130023,2025_IWOOS_id3
2025-09-17 05:00:41,78.2575232,14.31293,2025_IWOOS_id3
2025-09-17 06:00:52,78.257766,14.3130603,2025_IWOOS_id3
2025-09-17 07:00:44,78.2579998,14.3137339,2025_IWOOS_id3
2025-09-17 08:00:51,78.2576986,14.3137834,2025_IWOOS_id3
2025-09-17 09:00:33,78.2579476,14.3135818,2025_IWOOS_id3
2025-09-17 10:00:54,78.2579449,14.3134288,2025_IWOOS_id3
2025-09-17 11:00:34,78.2577316,14.3133173,2025_IWOOS_id3
2025-09-17 12:00:55,78.2574627,14.3134078,2025_IWOOS_id3
2025-09-17 13:00:35,78.2581789,14.3140232,2025_IWOOS_id3
2025-09-17 14:01:23,78.2582635,14.3155941,2025_IWOOS_id3
2025-09-17 15:00:35,78.2583067,14.3164512,2025_IWOOS_id3
2025-09-17 16:00:55,78.2583178,14.3180431,2025_IWOOS_id3
2025-09-17 17:00:41,78.258258,14.3194447,2025_IWOOS_id3
2025-09-17 18:00:55,78.2582459,14.3196595,2025_IWOOS_id3
2025-09-17 19:00:52,78.2582414,14.3203238,2025_IWOOS_id3
2025-09-17 20:00:56,78.2580226,,2025_IWOOS_id3
2025-09-17 21:01:00,78.2581763,14.3199071,2025_IWOOS_id3
2025-09-17 22:01:20,78.258138,14.3199382,2025_IWOOS_id3
2025-09-17 23:00:40,78.2581555,14.3197716,2025_IWOOS_id3
2025-09-18 00:01:44,78.2579085,14.3210698,2025_IWOOS_id3
2025-09-18 01:00:37,78.2578201,14.3210807,2025_IWOOS_id3
2025-09-18 02:01:15,78.2577988,14.3214332,2025_IWOOS_id3
2025-09-18 03:00:40,78.257893,14.3216101,2025_IWOOS_id3
2025-09-18 04:00:54,78.2579117,14.3220722,2025_IWOOS_id3
2025-09-18 05:00:52,78.2579159,14.3223574,2025_IWOOS_id3
2025-09-18 06:00:55,78.2578098,14.3223059,2025_IWOOS_id3
2025-09-18 07:00:52,78.2576991,14.3217056,2025_IWOOS_id3
2025-09-18 08:00:53,78.258086,14.3229186,2025_IWOOS_id3
2025-09-18 09:00:39,78.2579956,14.3229205,2025_IWOOS_id3
2025-09-18 10:00:52,78.2579862,14.3224823,2025_IWOOS_id3
2025-09-18 11:00:58,78.2578914,14.3228784,2025_IWOOS_id3
2025-09-18 12:00:51,78.2577568,14.3233134,2025_IWOOS_id3
2025-09-18 13:00:41,78.2577036,14.3234172,2025_IWOOS_id3
2025-09-18 14:01:22,78.2574299,14.3231067,2025_IWOOS_id3
2025-09-18 15:00:37,78.2574391,14.3232702,2025_IWOOS_id3
2025-09-18 16:01:14,78.2573878,14.3233595,2025_IWOOS_id3
2025-09-18 17:00:42,78.2575075,14.3229055,2025_IWOOS_id3
2025-09-18 18:01:23,78.2575444,14.3231053,2025_IWOOS_id3
2025-09-18 19:00:41,78.2577127,14.3230814,2025_IWOOS_id3
2025-09-18 20:01:22,78.2576742,14.3232178,2025_IWOOS_id3
2025-09-18 21:00:52,78.2578519,14.3231495,2025_IWOOS_id3
2025-09-18 22:01:25,78.2578635,14.3227107,2025_IWOOS_id3
2025-09-18 23:00:38,78.2578938,14.3224093,2025_IWOOS_id3
2025-09-19 00:01:14,78.2577506,14.3231145,2025_IWOOS_id3
2025-09-19 01:00:40,78.2576984,14.3229864,2025_IWOOS_id3
2025-09-19 02:01:20,78.257551,14.3232561,2025_IWOOS_id3
2025-09-19 03:00:34,78.2573657,14.3231415,2025_IWOOS_id3
2025-09-19 04:00:53,78.2573255,14.3229354,2025_IWOOS_id3
2025-09-19 05:00:36,78.2573896,14.3228737,2025_IWOOS_id3
2025-09-19 06:00:56,78.2576265,14.3227683,2025_IWOOS_id3
2025-09-19 07:00:43,78.2577375,14.3233764,2025_IWOOS_id3
2025-09-19 08:00:52,78.2577953,14.3236918,2025_IWOOS_id3
2025-09-19 09:00:38,78.2579133,14.3235352,2025_IWOOS_id3
2025-09-19 10:01:04,78.2578744,14.3235939,2025_IWOOS_id3
2025-09-19 11:00:41,78.2578807,14.3223428,2025_IWOOS_id3
2025-09-19 12:01:14,78.2578857,14.3218502,2025_IWOOS_id3
2025-09-19 13:00:37,78.2578331,14.3216376,2025_IWOOS_id3
2025-09-19 14:00:53,78.2578892,14.3211664,2025_IWOOS_id3
2025-09-19 15:00:38,78.257775,14.3217294,2025_IWOOS_id3
2025-09-19 16:00:55,78.257548,,2025_IWOOS_id3
2025-09-19 17:00:52,78.2577885,14.3217648,2025_IWOOS_id3
2025-09-19 18:01:14,78.257677,14.3224357,2025_IWOOS_id3
2025-09-19 19:00:40,78.2578589,14.3224639,2025_IWOOS_id3
2025-09-19 20:01:21,78.2579053,14.3226897,2025_IWOOS_id3
2025-09-19 21:00:39,78.2580106,14.3225281,2025_IWOOS_id3
2025-09-19 22:00:55,78.2580267,14.3223801,2025_IWOOS_id3
2025-09-19 23:00:39,78.2579547,14.3218159,2025_IWOOS_id3
2025-09-20 00:00:56,78.2579484,14.3208411,2025_IWOOS_id3
2025-09-20 01:00:40,78.2579909,14.3198772,2025_IWOOS_id3
2025-09-20 02:00:54,78.2579297,14.3197651,2025_IWOOS_id3
2025-09-20 03:00:38,78.2580732,14.3198141,2025_IWOOS_id3
2025-09-20 04:00:55,78.2580607,14.3201,2025_IWOOS_id3
2025-09-20 05:00:37,78.2581257,14.3209983,2025_IWOOS_id3
2025-09-20 06:00:55,78.2581623,14.3209062,2025_IWOOS_id3
2025-09-20 07:00:38,78.2582029,14.3210928,2025_IWOOS_id3
2025-09-20 08:00:55,78.2582898,14.3208993,2025_IWOOS_id3
2025-09-20 09:00:41,78.2583767,14.3205876,2025_IWOOS_id3
2025-09-20 10:00:57,78.2584306,14.3200738,2025_IWOOS_id3
2025-09-20 11:00:39,78.2584249,14.3190872,2025_IWOOS_id3
2025-09-20 12:00:53,78.2583492,14.3180598,2025_IWOOS_id3
2025-09-20 13:00:38,78.2581702,14.316332,2025_IWOOS_id3
2025-09-20 14:00:52,78.2579866,14.3150482,2025_IWOOS_id3
2025-09-20 15:00:37,78.2577486,14.3136403,2025_IWOOS_id3
2025-09-20 16:00:51,78.2576405,14.3127783,2025_IWOOS_id3
2025-09-20 17:00:38,78.2574975,14.312649,2025_IWOOS_id3
2025-09-20 18:00:55,78.2573009,14.3130434,2025_IWOOS_id3
2025-09-20 19:00:38,78.2571138,14.3134342,2025_IWOOS_id3
2025-09-20 20:00:55,78.2569279,14.313811,2025_IWOOS_id3
2025-09-20 21:00:39,78.2565713,14.3148829,2025_IWOOS_id3
2025-09-20 22:00:52,78.2565484,14.3150943,2025_IWOOS_id3
2025-09-20 23:00:41,78.2565896,14.3148805,2025_IWOOS_id3
2025-09-21 00:00:55,78.2566113,14.3140304,2025_IWOOS_id3
2025-09-21 01:00:40,78.2571685,14.3135026,2025_IWOOS_id3
2025-09-21 02:00:55,78.2579395,14.3133838,2025_IWOOS_id3
2025-09-21 03:00:42,78.2582043,14.3149295,2025_IWOOS_id3
2025-09-21 04:01:15,78.2581259,14.3147296,2025_IWOOS_id3
2025-09-21 05:00:37,78.257549,14.3135639,2025_IWOOS_id3
2025-09-21 06:00:52,78.2572405,14.3134751,2025_IWOOS_id3
2025-09-21 07:00:37,78.2575254,14.3133174,2025_IWOOS_id3
2025-09-21 08:00:54,78.2574247,14.3135902,2025_IWOOS_id3
2025-09-21 09:00:37,78.2574106,14.3136991,2025_IWOOS_id3
2025-09-21 10:00:51,78.2574971,14.3135629,2025_IWOOS_id3
2025-09-21 11:00:36,78.25746,14.3135573,2025_IWOOS_id3
2025-09-21 12:00:53,78.2574059,14.3133911,2025_IWOOS_id3
2025-09-21 13:00:38,78.257113,14.3129522,2025_IWOOS_id3
2025-09-21 14:00:52,78.2571467,14.3125406,2025_IWOOS_id3
2025-09-21 15:00:38,78.2570012,14.312666,2025_IWOOS_id3
2025-09-21 16:00:51,78.2568818,14.312696,2025_IWOOS_id3
2025-09-21 17:00:40,78.2567878,14.3128099,2025_IWOOS_id3
2025-09-21 18:00:52,78.2570832,14.3127069,2025_IWOOS_id3
2025-09-21 19:00:36,78.2573837,14.3128164,2025_IWOOS_id3
2025-09-21 20:00:52,78.2573646,14.3130242,2025_IWOOS_id3
2025-09-21 21:00:38,78.2571666,14.3133842,2025_IWOOS_id3
2025-09-21 22:00:50,78.2570405,14.3133243,2025_IWOOS_id3
2025-09-21 23:00:37,78.2570551,14.3131154,2025_IWOOS_id3
2025-09-22 00:01:02,78.2570259,14.3129207,2025_IWOOS_id3
2025-09-22 01:00:37,78.2569731,14.3126751,2025_IWOOS_id3
2025-09-22 02:00:53,78.2569096,14.312344,2025_IWOOS_id3
2025-09-22 03:00:39,78.2568295,14.312173,2025_IWOOS_id3
2025-09-22 04:01:14,78.2567202,14.3123283,2025_IWOOS_id3
2025-09-22 05:00:34,78.2566645,14.3121374,2025_IWOOS_id3
2025-09-22 06:00:52,78.2568147,14.3126076,2025_IWOOS_id3
2025-09-22 07:00:58,78.2569637,14.3125478,2025_IWOOS_id3
2025-09-22 08:00:50,78.2570636,14.3128374,2025_IWOOS_id3
2025-09-22 09:00:40,78.2571325,14.3135695,2025_IWOOS_id3
2025-09-22 10:00:53,78.2571359,14.3135526,2025_IWOOS_id3
2025-09-22 11:00:38,78.2570423,14.3139295,2025_IWOOS_id3
2025-09-22 12:01:19,78.2570377,14.3138205,2025_IWOOS_id3
2025-09-22 13:00:33,78.2569892,14.3133856,2025_IWOOS_id3
2025-09-22 14:00:56,78.256874,14.3131858,2025_IWOOS_id3
2025-09-22 15:00:37,78.2568149,14.3132001,2025_IWOOS_id3
2025-09-22 16:00:54,78.2566301,14.3127677,2025_IWOOS_id3
2025-09-22 17:00:40,78.2565409,14.312942,2025_IWOOS_id3
2025-09-22 18:00:53,78.2566153,14.313296,2025_IWOOS_id3
2025-09-22 19:00:37,78.2565794,14.314509,2025_IWOOS_id3
2025-09-22 20:00:56,78.2567194,14.3138484,2025_IWOOS_id3
2025-09-22 21:00:38,78.256647,14.314125,2025_IWOOS_id3
2025-09-22 22:00:51,78.2567267,14.3139217,2025_IWOOS_id3
2025-09-22 23:00:42,78.2568751,14.3133718,2025_IWOOS_id3
2025-09-23 00:00:54,78.2567837,14.3136399,2025_IWOOS_id3
2025-09-23 01:00:40,78.2566812,14.31292,2025_IWOOS_id3
2025-09-23 02:00:54,78.2566855,14.3126437,2025_IWOOS_id3
2025-09-23 03:00:38,78.256573,14.3129297,2025_IWOOS_id3
2025-09-23 04:00:52,78.25657,14.3121481,2025_IWOOS_id3
2025-09-23 05:00:38,78.2564825,14.3121243,2025_IWOOS_id3
2025-09-23 06:00:52,78.256431,14.3126298,2025_IWOOS_id3
2025-09-23 07:00:37,78.2565629,14.3130723,2025_IWOOS_id3
2025-09-23 08:00:57,78.2566688,14.3130649,2025_IWOOS_id3
2025-09-23 09:00:38,78.2566165,14.3135194,2025_IWOOS_id3
2025-09-23 10:00:53,78.2567978,14.3141641,2025_IWOOS_id3
2025-09-23 11:00:42,78.2567707,14.313951,2025_IWOOS_id3
2025-09-23 12:00:53,78.2567175,14.3139955,2025_IWOOS_id3
2025-09-23 13:00:32,78.2565889,14.313816,2025_IWOOS_id3
2025-09-23 14:00:55,78.2564864,14.3140131,2025_IWOOS_id3
2025-09-23 15:00:41,78.2565218,14.3133516,2025_IWOOS_id3
2025-09-23 16:00:52,78.2564964,14.3131151,2025_IWOOS_id3
2025-09-23 17:00:37,78.2563709,14.3132025,2025_IWOOS_id3
2025-09-23 18:00:53,78.2563616,14.3132315,2025_IWOOS_id3
2025-09-23 19:00:35,78.2563834,14.3138105,2025_IWOOS_id3
2025-09-23 20:00:54,78.256405,14.3141772,2025_IWOOS_id3
2025-09-23 21:00:37,78.2564454,14.3149272,2025_IWOOS_id3
2025-09-23 22:00:54,78.2567473,14.3149973,2025_IWOOS_id3
2025-09-23 23:00:53,78.2567132,14.3148289,2025_IWOOS_id3
2025-09-24 00:00:53,78.2568106,14.3140619,2025_IWOOS_id3
2025-09-24 01:00:41,78.256742,14.3140623,2025_IWOOS_id3
2025-09-24 02:00:53,78.2566316,14.3140167,2025_IWOOS_id3
2025-09-24 03:00:40,78.2564769,14.3140205,2025_IWOOS_id3
2025-09-24 04:00:50,78.2564608,14.3138516,2025_IWOOS_id3
2025-09-24 05:00:40,78.2566432,14.3132466,2025_IWOOS_id3
2025-09-24 06:00:51,78.2566065,14.313392,2025_IWOOS_id3
2025-09-24 07:00:42,,14.3151027,2025_IWOOS_id3
2025-09-24 08:00:52,78.2566206,14.3157616,2025_IWOOS_id3
2025-09-24 09:00:35,78.2566504,14.3156084,2025_IWOOS_id3
2025-09-24 10:00:52,78.2567876,14.3153091,2025_IWOOS_id3
2025-09-24 11:00:41,78.2567609,14.315004,2025_IWOOS_id3
2025-09-24 12:00:53,78.2567373,14.3151179,2025_IWOOS_id3
2025-09-24 13:00:46,78.2569513,14.3138714,2025_IWOOS_id3
2025-09-24 14:00:55,78.2570539,14.3129531,2025_IWOOS_id3
2025-09-24 15:00:39,78.2569836,14.3126902,2025_IWOOS_id3
2025-09-24 16:00:54,78.2568049,14.3125203,2025_IWOOS_id3
2025-09-24 17:00:38,78.2566084,14.3128298,2025_IWOOS_id3
2025-09-24 18:00:51,78.2565462,14.3129495,2025_IWOOS_id3
2025-09-24 19:00:33,78.2564982,14.3136888,2025_IWOOS_id3
2025-09-24 20:00:54,78.2565793,14.3139192,2025_IWOOS_id3
2025-09-24 21:00:36,78.2568529,14.3139102,2025_IWOOS_id3
2025-09-24 22:00:51,78.2569605,14.3124685,2025_IWOOS_id3
2025-09-24 23:00:36,78.2571591,14.3129228,2025_IWOOS_id3
2025-09-25 00:01:15,78.2571409,14.3130036,2025_IWOOS_id3
2025-09-25 01:00:34,78.2572641,14.3125916,2025_IWOOS_id3
2025-09-25 02:00:54,78.2569148,14.3127449,2025_IWOOS_id3
2025-09-25 03:00:40,78.2569564,14.3129461,2025_IWOOS_id3
2025-09-25 04:00:52,78.2568391,14.3135677,2025_IWOOS_id3
2025-09-25 05:00:38,78.2567242,14.3144028,2025_IWOOS_id3
2025-09-25 06:00:51,78.2567047,14.3145463,2025_IWOOS_id3
2025-09-25 07:00:31,78.2568939,14.3145337,2025_IWOOS_id3
2025-09-25 08:00:55,78.2572175,14.3146386,2025_IWOOS_id3
2025-09-25 09:00:37,78.2569139,14.3163502,2025_IWOOS_id3
2025-09-25 10:00:51,78.2568923,14.3173211,2025_IWOOS_id3
2025-09-25 11:00:42,78.2570885,14.3159409,2025_IWOOS_id3
2025-09-25 12:00:54,78.257333,14.3151635,2025_IWOOS_id3
2025-09-25 13:00:37,78.2575217,14.3154375,2025_IWOOS_id3
2025-09-25 14:00:55,78.2572939,14.3150391,2025_IWOOS_id3
2025-09-25 15:00:39,78.2569995,14.3151537,2025_IWOOS_id3
2025-09-25 16:00:55,78.2568214,14.3155653,2025_IWOOS_id3
2025-09-25 17:00:42,78.2569616,14.314813,2025_IWOOS_id3
2025-09-25 18:01:15,78.2568705,14.3147089,2025_IWOOS_id3
2025-09-25 19:00:35,78.2569571,14.3144693,2025_IWOOS_id3
2025-09-25 20:00:53,78.2569527,14.3148142,2025_IWOOS_id3
2025-09-25 21:00:39,78.2575979,14.3145554,2025_IWOOS_id3
2025-09-25 22:01:14,78.2582939,14.3176071,2025_IWOOS_id3
2025-09-25 23:00:42,78.2582339,14.3190445,2025_IWOOS_id3
2025-09-26 00:00:54,78.2580461,14.3204558,2025_IWOOS_id3
2025-09-26 01:00:45,78.2571019,14.3207394,2025_IWOOS_id3
2025-09-26 02:00:53,78.2568183,14.3172682,2025_IWOOS_id3
2025-09-26 03:00:40,78.2574519,14.3141295,2025_IWOOS_id3
2025-09-26 04:00:55,78.2573147,14.3141288,2025_IWOOS_id3
2025-09-26 05:00:37,78.2572862,14.313628,2025_IWOOS_id3
2025-09-26 06:00:55,78.2574995,14.3137695,2025_IWOOS_id3
2025-09-26 07:00:37,78.257753,14.3143144,2025_IWOOS_id3
2025-09-26 08:00:54,78.2580172,14.3157206,2025_IWOOS_id3
2025-09-26 09:00:37,78.2581142,14.3173063,2025_IWOOS_id3
2025-09-26 10:01:16,78.2582986,14.3200738,2025_IWOOS_id3
2025-09-26 11:00:41,78.2582121,14.3207581,2025_IWOOS_id3
2025-09-26 12:01:05,78.2582238,14.3214011,2025_IWOOS_id3
2025-09-26 13:00:52,78.2581372,14.3218027,2025_IWOOS_id3
2025-09-26 14:00:51,78.2581277,14.3208908,2025_IWOOS_id3
2025-09-26 15:01:16,78.258044,14.3207582,2025_IWOOS_id3
2025-09-26 16:01:15,78.2578095,14.3207322,2025_IWOOS_id3
2025-09-26 17:00:39,78.2578282,14.3208499,2025_IWOOS_id3
2025-09-26 18:01:22,78.2580855,14.3196957,2025_IWOOS_id3
2025-09-26 19:00:41,78.2581764,14.3191592,2025_IWOOS_id3
2025-09-26 20:00:53,78.2582255,14.3198514,2025_IWOOS_id3
2025-09-26 21:00:42,78.258254,14.3206197,2025_IWOOS_id3
2025-09-26 22:01:14,78.2583386,14.3203131,2025_IWOOS_id3
2025-09-26 23:00:35,78.2583157,14.319594,2025_IWOOS_id3
2025-09-27 00:00:54,78.2580576,14.3196125,2025_IWOOS_id3
2025-09-27 01:00:38,78.2584496,14.3191949,2025_IWOOS_id3
2025-09-27 02:00:54,78.2585267,14.3164037,2025_IWOOS_id3
2025-09-27 03:00:39,78.2582567,14.3148053,2025_IWOOS_id3
2025-09-27 04:01:20,78.2578312,14.3138169,2025_IWOOS_id3
2025-09-27 05:00:52,78.2571608,14.3137082,2025_IWOOS_id3
2025-09-27 06:00:51,78.2570928,14.3140295,2025_IWOOS_id3
2025-09-27 07:00:45,78.2571507,14.3136919,2025_IWOOS_id3
2025-09-27 08:00:54,78.2572128,14.3142228,2025_IWOOS_id3
2025-09-27 09:01:02,78.2578851,14.3151609,2025_IWOOS_id3
2025-09-27 10:00:53,78.258385,14.3186218,2025_IWOOS_id3
2025-09-27 11:00:43,78.2583171,14.3213631,2025_IWOOS_id3
2025-09-27 12:01:05,78.2583083,14.3220122,2025_IWOOS_id3
2025-09-27 13:01:00,78.2583866,14.3225289,2025_IWOOS_id3
2025-09-27 14:01:20,78.2583502,14.3235875,2025_IWOOS_id3
2025-09-27 15:01:01,78.2582687,14.3230501,2025_IWOOS_id3
2025-09-27 16:01:29,78.2582089,14.3225291,2025_IWOOS_id3
2025-09-27 17:00:36,78.2581246,14.3229198,2025_IWOOS_id3
2025-09-27 18:00:57,78.2581033,14.3231054,2025_IWOOS_id3
2025-09-27 19:00:36,78.2581384,14.3238625,2025_IWOOS_id3
2025-09-27 20:01:28,78.2582159,14.3233685,2025_IWOOS_id3
2025-09-27 22:01:06,78.2582647,14.323294,2025_IWOOS_id3
2025-09-27 23:01:26,78.2582753,14.3233217,2025_IWOOS_id3
2025-09-28 01:01:20,78.2582364,14.3233993,2025_IWOOS_id3
2025-09-28 02:00:53,78.25832,14.3232534,2025_IWOOS_id3
2025-09-28 03:00:52,78.2585407,14.3226585,2025_IWOOS_id3
2025-09-28 04:01:28,78.2537515,14.2300533,2025_IWOOS_id3
2025-09-28 05:01:04,,14.2828634,2025_IWOOS_id3
2025-09-28 06:01:28,78.2581894,14.3232707,2025_IWOOS_id3
2025-09-28 07:00:42,78.2581025,14.3230899,2025_IWOOS_id3
2025-09-28 08:00:53,78.2582114,14.3239639,2025_IWOOS_id3
2025-09-28 09:00:44,78.2582165,14.3240296,2025_IWOOS_id3
2025-09-28 10:00:53,78.2582024,14.3239877,2025_IWOOS_id3
2025-09-28 11:00:42,78.2581313,14.3238742,2025_IWOOS_id3
2025-09-28 12:00:53,78.2580835,14.3248258,2025_IWOOS_id3
2025-09-28 13:00:35,78.2581339,14.3231357,2025_IWOOS_id3
2025-09-28 14:00:55,78.2583857,14.3230492,2025_IWOOS_id3
2025-09-28 15:00:40,78.2583182,14.3229443,2025_IWOOS_id3
2025-09-28 16:01:16,78.2582353,14.3223334,2025_IWOOS_id3
2025-09-28 17:00:36,78.2582368,14.3224724,2025_IWOOS_id3
2025-09-28 18:00:52,78.258054,14.3227092,2025_IWOOS_id3
2025-09-28 19:00:35,78.2580062,14.3223274,2025_IWOOS_id3
2025-09-28 20:01:14,78.2579863,14.3218758,2025_IWOOS_id3
2025-09-28 21:00:39,78.2577914,14.3244231,2025_IWOOS_id3
2025-09-28 22:00:58,78.2574701,14.3218655,2025_IWOOS_id3
2025-09-28 23:00:34,78.2577226,14.3191455,2025_IWOOS_id3
2025-09-29 00:00:54,78.2581453,14.3174117,2025_IWOOS_id3
2025-09-29 01:00:37,78.2582587,14.3174041,2025_IWOOS_id3
2025-09-29 02:00:52,78.2580911,14.3155129,2025_IWOOS_id3
2025-09-29 03:00:38,78.257652,14.314025,2025_IWOOS_id3
2025-09-29 04:00:54,78.2570309,14.3141329,2025_IWOOS_id3
2025-09-29 05:00:36,78.2571724,14.3141243,2025_IWOOS_id3
2025-09-29 06:00:54,78.2570584,14.3144535,2025_IWOOS_id3
2025-09-29 07:00:37,78.2568917,14.315486,2025_IWOOS_id3
2025-09-29 08:00:54,78.2567306,14.3169284,2025_IWOOS_id3
2025-09-29 09:00:37,78.2566866,14.3173539,2025_IWOOS_id3
2025-09-29 10:00:55,78.2567955,14.3164271,2025_IWOOS_id3
2025-09-29 11:00:40,78.2570497,14.3165959,2025_IWOOS_id3
2025-09-29 12:00:54,78.2575563,14.3165606,2025_IWOOS_id3
2025-09-29 13:00:39,78.2574301,14.3200441,2025_IWOOS_id3
2025-09-29 14:01:13,78.2569024,14.3190675,2025_IWOOS_id3
2025-09-29 15:00:41,78.2569416,14.3170243,2025_IWOOS_id3
2025-09-29 16:00:55,78.2568825,14.3170708,2025_IWOOS_id3
2025-09-29 17:00:47,78.2569918,14.3175463,2025_IWOOS_id3
2025-09-29 18:00:54,78.2567986,14.3166015,2025_IWOOS_id3
2025-09-29 19:00:40,78.2567889,14.3159737,2025_IWOOS_id3
2025-09-29 20:00:54,78.2569357,14.3145738,2025_IWOOS_id3
2025-09-29 21:00:39,78.2568927,14.3140857,2025_IWOOS_id3
2025-09-29 22:00:53,78.2570654,14.3145016,2025_IWOOS_id3
2025-09-29 23:00:36,78.2569027,14.3140247,2025_IWOOS_id3
2025-09-30 00:00:54,78.2573281,,2025_IWOOS_id3
2025-09-30 01:00:39,78.2570014,14.3141029,2025_IWOOS_id3
2025-09-30 02:00:55,78.2568547,14.3141683,2025_IWOOS_id3
2025-09-30 03:00:36,78.2567915,14.3149487,2025_IWOOS_id3
2025-09-30 04:01:13,78.2567455,14.3143907,2025_IWOOS_id3
2025-09-30 05:00:40,78.2566387,14.3145097,2025_IWOOS_id3
2025-09-30 06:00:53,78.2565626,14.3146041,2025_IWOOS_id3
2025-09-30 07:01:09,78.2566234,14.314838,2025_IWOOS_id3
2025-09-30 08:00:53,78.2566646,14.3145619,2025_IWOOS_id3
2025-09-30 09:01:29,78.2565819,14.3148858,2025_IWOOS_id3
2025-09-30 10:00:54,78.2567186,14.3143071,2025_IWOOS_id3
2025-09-30 11:00:39,78.25669,14.3149678,2025_IWOOS_id3
2025-09-30 12:00:55,78.2567303,14.3150032,2025_IWOOS_id3
2025-09-30 13:00:38,78.2568207,14.3147965,2025_IWOOS_id3
2025-09-30 14:00:53,78.2567477,14.3146935,2025_IWOOS_id3
2025-09-30 15:00:42,78.2568909,14.3147876,2025_IWOOS_id3
2025-09-30 16:00:52,78.2568459,14.3149616,2025_IWOOS_id3
2025-09-30 17:00:34,78.2567916,14.3152787,2025_IWOOS_id3
2025-09-30 18:01:14,78.2568279,14.3144775,2025_IWOOS_id3
2025-09-30 19:00:35,78.2567988,14.3144161,2025_IWOOS_id3
2025-09-30 20:00:53,78.25694,14.3140176,2025_IWOOS_id3
2025-09-30 21:00:52,78.2567816,14.3128508,2025_IWOOS_id3
2025-09-30 22:00:53,78.2571069,14.3139722,2025_IWOOS_id3
2025-09-30 23:00:43,78.2568826,,2025_IWOOS_id3
2025-10-01 00:01:21,78.2573219,14.3127895,2025_IWOOS_id3
2025-10-01 01:00:38,78.257449,14.3130588,2025_IWOOS_id3
2025-10-01 02:01:15,78.257652,14.3133401,2025_IWOOS_id3
2025-10-01 03:00:35,78.2574376,14.3132817,2025_IWOOS_id3
2025-10-01 04:01:14,78.2572425,14.3137169,2025_IWOOS_id3
2025-10-01 05:00:38,78.2570819,14.3141082,2025_IWOOS_id3
2025-10-01 06:00:52,78.2573551,14.313613,2025_IWOOS_id3
2025-10-01 07:00:40,78.2572785,14.3135042,2025_IWOOS_id3
2025-10-01 08:01:15,78.2571339,14.3134776,2025_IWOOS_id3
2025-10-01 09:00:40,78.2570003,14.3132037,2025_IWOOS_id3
2025-10-01 10:01:20,78.2568836,14.3136119,2025_IWOOS_id3
2025-10-01 11:00:36,78.2568732,14.3133432,2025_IWOOS_id3
2025-10-01 12:00:53,78.2569074,14.3134939,2025_IWOOS_id3
2025-10-01 13:00:40,78.2567556,14.3140216,2025_IWOOS_id3
2025-10-01 14:00:53,78.2568694,14.3130113,2025_IWOOS_id3
2025-10-01 15:00:36,78.2568269,14.3128174,2025_IWOOS_id3
2025-10-01 16:01:13,78.2567579,14.3138246,2025_IWOOS_id3
2025-10-01 17:00:40,78.2566322,14.3145949,2025_IWOOS_id3
2025-10-01 18:00:55,78.2565993,14.3151387,2025_IWOOS_id3
2025-10-01 19:00:42,78.2566129,14.3154014,2025_IWOOS_id3
2025-10-01 20:00:55,78.2565357,14.3156936,2025_IWOOS_id3
2025-10-01 21:00:33,78.2565636,14.3149997,2025_IWOOS_id3
2025-10-01 22:00:54,78.2566353,14.3156875,2025_IWOOS_id3
2025-10-01 23:00:52,78.2566518,14.3150212,2025_IWOOS_id3
2025-10-02 00:01:24,78.2568521,,2025_IWOOS_id3
2025-10-02 01:00:39,78.2566732,14.3150841,2025_IWOOS_id3
2025-10-02 02:00:54,78.2567326,14.3156578,2025_IWOOS_id3
2025-10-02 03:00:37,78.2566497,14.3153806,2025_IWOOS_id3
2025-10-02 04:00:54,78.2566359,14.3152022,2025_IWOOS_id3
2025-10-02 05:00:39,78.2565517,14.3158396,2025_IWOOS_id3
2025-10-02 06:01:14,78.2564698,14.3164812,2025_IWOOS_id3
2025-10-02 07:00:41,78.2565272,14.3166435,2025_IWOOS_id3
2025-10-02 08:00:55,78.2565315,14.3167191,2025_IWOOS_id3
2025-10-02 09:00:36,78.2564567,14.3172811,2025_IWOOS_id3
2025-10-02 10:01:14,78.2564914,14.3160034,2025_IWOOS_id3
2025-10-02 11:00:34,78.2566124,14.3149717,2025_IWOOS_id3
2025-10-02 12:00:55,78.2565616,14.3148211,2025_IWOOS_id3
2025-10-02 13:00:41,78.2566039,14.3143137,2025_IWOOS_id3
2025-10-02 14:00:53,78.2567,14.314359,2025_IWOOS_id3
2025-10-02 15:00:40,78.2567343,14.3141234,2025_IWOOS_id3
2025-10-02 16:00:55,78.2567689,14.3142106,2025_IWOOS_id3
2025-10-02 17:00:52,78.2568518,14.3140192,2025_IWOOS_id3
2025-10-02 18:01:15,78.2569282,14.313887,2025_IWOOS_id3
2025-10-02 19:00:37,78.2570342,14.313577,2025_IWOOS_id3
2025-10-02 20:00:52,78.256992,14.3137273,2025_IWOOS_id3
2025-10-02 21:00:59,78.2570274,14.3142705,2025_IWOOS_id3
2025-10-02 22:00:52,78.2571385,14.3136008,2025_IWOOS_id3
2025-10-02 23:00:47,78.257022,14.3147794,2025_IWOOS_id3
2025-10-03 00:01:14,78.2571032,14.3145979,2025_IWOOS_id3
2025-10-03 01:00:40,78.2572379,14.3156527,2025_IWOOS_id3
2025-10-03 02:00:56,78.2577386,14.3167822,2025_IWOOS_id3
2025-10-03 03:00:37,78.2579843,14.3199035,2025_IWOOS_id3
2025-10-03 04:01:25,78.2578783,14.3211609,2025_IWOOS_id3
2025-10-03 05:00:33,78.2580201,14.3205949,2025_IWOOS_id3
2025-10-03 06:00:55,78.2579815,14.320508,2025_IWOOS_id3
2025-10-03 07:00:53,78.2582211,14.321021,2025_IWOOS_id3
2025-10-03 08:01:14,78.2582039,14.3202809,2025_IWOOS_id3
2025-10-03 09:00:36,78.2581666,14.3215769,2025_IWOOS_id3
2025-10-03 10:00:56,78.2581608,14.3213004,2025_IWOOS_id3
2025-10-03 11:00:40,78.2581236,14.3218195,2025_IWOOS_id3
2025-10-03 12:01:14,78.2579053,14.3218413,2025_IWOOS_id3
2025-10-03 13:01:20,78.2576667,14.3225728,2025_IWOOS_id3
2025-10-03 14:00:55,78.2576598,14.3223794,2025_IWOOS_id3
2025-10-03 15:00:40,78.2577782,14.3225893,2025_IWOOS_id3
2025-10-03 16:01:01,78.257842,14.3224495,2025_IWOOS_id3
2025-10-03 17:00:44,78.258057,14.3225088,2025_IWOOS_id3
2025-10-03 18:01:23,78.2581608,14.3220732,2025_IWOOS_id3
2025-10-03 19:00:36,78.2582521,14.3222855,2025_IWOOS_id3
2025-10-03 20:01:20,78.2583304,14.3224704,2025_IWOOS_id3
2025-10-03 21:00:57,78.258239,14.3215955,2025_IWOOS_id3
2025-10-03 22:01:19,78.2583834,14.322015,2025_IWOOS_id3
2025-10-03 23:00:40,78.2582092,14.3212566,2025_IWOOS_id3
2025-10-04 00:00:56,78.258157,14.3215862,2025_IWOOS_id3
2025-10-04 01:01:08,78.2581763,14.3211682,2025_IWOOS_id3
2025-10-04 02:00:56,78.2581672,14.3207682,2025_IWOOS_id3
2025-10-04 03:00:33,78.2583086,14.3199096,2025_IWOOS_id3
2025-10-04 04:01:13,78.2582967,14.3203737,2025_IWOOS_id3
2025-10-04 05:00:43,78.2582603,14.3207859,2025_IWOOS_id3
2025-10-04 06:00:53,78.2583891,14.3208784,2025_IWOOS_id3
2025-10-04 07:00:38,78.2584783,14.3208215,2025_IWOOS_id3
2025-10-04 08:00:53,78.2584168,14.3207008,2025_IWOOS_id3
2025-10-04 09:00:42,78.2586108,14.319335,2025_IWOOS_id3
2025-10-04 10:01:15,78.2585792,14.3182372,2025_IWOOS_id3
2025-10-04 11:00:35,78.2584882,14.3172988,2025_IWOOS_id3
2025-10-04 12:00:55,78.2583127,14.3157671,2025_IWOOS_id3
2025-10-04 13:00:40,78.2580519,14.3142478,2025_IWOOS_id3
2025-10-04 14:00:53,78.2577583,14.313597,2025_IWOOS_id3
2025-10-04 15:00:42,78.2578533,14.3135669,2025_IWOOS_id3
2025-10-04 16:01:14,78.2580139,14.3142014,2025_IWOOS_id3
2025-10-04 17:00:37,78.2580182,14.3143062,2025_IWOOS_id3
2025-10-04 18:00:54,78.2581566,14.3152825,2025_IWOOS_id3
2025-10-04 19:00:40,78.2580884,14.3152198,2025_IWOOS_id3
2025-10-04 20:01:20,78.2582667,14.3160181,2025_IWOOS_id3
2025-10-04 21:00:38,78.2581887,14.3156237,2025_IWOOS_id3
2025-10-04 22:01:14,78.2578984,14.3142523,2025_IWOOS_id3
2025-10-04 23:00:32,78.2577276,14.3134996,2025_IWOOS_id3
2025-10-05 00:00:59,78.2574612,14.312738,2025_IWOOS_id3
2025-10-05 01:00:38,78.2572947,14.312862,2025_IWOOS_id3
2025-10-05 02:00:53,78.2570861,14.3134218,2025_IWOOS_id3
2025-10-05 03:00:40,78.2572792,14.3132203,2025_IWOOS_id3
2025-10-05 04:00:52,78.2572468,14.3130339,2025_IWOOS_id3
2025-10-05 05:00:40,78.2571899,14.3139482,2025_IWOOS_id3
2025-10-05 06:00:52,78.2572794,14.3141206,2025_IWOOS_id3
2025-10-05 07:00:34,78.2573007,14.3136521,2025_IWOOS_id3
2025-10-05 08:00:56,78.2572634,14.3129144,2025_IWOOS_id3
2025-10-05 09:00:40,78.2573498,14.3126065,2025_IWOOS_id3
2025-10-05 10:00:53,78.2573629,14.3129683,2025_IWOOS_id3
2025-10-05 11:00:33,78.2571042,14.3130515,2025_IWOOS_id3
2025-10-05 12:00:54,78.2569078,14.3129142,2025_IWOOS_id3
2025-10-05 13:00:33,78.2568177,14.3126209,2025_IWOOS_id3
2025-10-05 14:00:54,78.2567069,14.3128502,2025_IWOOS_id3
2025-10-05 15:00:38,78.2566315,14.3126962,2025_IWOOS_id3
2025-10-05 16:00:55,78.256626,14.3130941,2025_IWOOS_id3
2025-10-05 17:00:52,78.2565935,14.3132604,2025_IWOOS_id3
2025-10-05 18:00:55,78.2567904,14.3132298,2025_IWOOS_id3
2025-10-05 19:00:39,78.2566413,14.3143397,2025_IWOOS_id3
2025-10-05 20:01:22,78.2567222,14.3145339,2025_IWOOS_id3
2025-10-05 21:00:37,78.2567335,14.3141882,2025_IWOOS_id3
2025-10-05 22:00:54,78.2567494,14.3144125,2025_IWOOS_id3
2025-10-05 23:00:42,78.2565618,14.3127186,2025_IWOOS_id3
2025-10-06 00:01:24,78.2566093,14.3155674,2025_IWOOS_id3
2025-10-06 01:00:43,78.2564956,14.3134783,2025_IWOOS_id3
2025-10-06 02:00:54,78.2566436,14.3141504,2025_IWOOS_id3
2025-10-06 03:00:53,78.2566541,14.3145631,2025_IWOOS_id3
2025-10-06 04:00:55,78.2565973,,2025_IWOOS_id3
2025-10-06 05:00:34,78.2568942,14.3143376,2025_IWOOS_id3
2025-10-06 06:00:54,78.2569604,14.314373,2025_IWOOS_id3
2025-10-06 07:00:38,78.2569776,14.3142778,2025_IWOOS_id3
2025-10-06 08:00:55,78.2572433,14.3146515,2025_IWOOS_id3
2025-10-06 09:00:42,78.2579467,14.3150967,2025_IWOOS_id3
2025-10-06 10:00:54,78.2578863,14.3166795,2025_IWOOS_id3
2025-10-06 11:00:52,78.2578699,14.3186659,2025_IWOOS_id3
2025-10-06 12:00:55,78.2571511,14.3169105,2025_IWOOS_id3
2025-10-06 13:00:41,78.2570481,14.3155845,2025_IWOOS_id3
2025-10-06 14:00:51,78.2569452,14.315539,2025_IWOOS_id3
2025-10-06 15:00:41,78.2569806,14.3148769,2025_IWOOS_id3
2025-10-06 16:00:57,78.2573952,14.3142278,2025_IWOOS_id3
2025-10-06 17:00:39,78.2571589,14.3175397,2025_IWOOS_id3
2025-10-06 18:00:55,78.2570858,14.3200296,2025_IWOOS_id3
2025-10-06 19:00:45,78.2573148,14.320556,2025_IWOOS_id3
2025-10-06 20:01:16,78.2573328,14.3208957,2025_IWOOS_id3
2025-10-06 21:00:39,78.2574736,14.3213881,2025_IWOOS_id3
2025-10-06 22:00:53,78.2574256,14.3219238,2025_IWOOS_id3
2025-10-06 23:00:36,78.2576291,14.3206108,2025_IWOOS_id3
2025-10-07 00:00:52,78.2575162,14.3188048,2025_IWOOS_id3
2025-10-07 01:00:36,78.2575955,14.3150015,2025_IWOOS_id3
2025-10-07 02:01:22,78.2576534,14.3145024,2025_IWOOS_id3
2025-10-07 03:01:12,78.2574754,14.3135271,2025_IWOOS_id3
2025-10-07 04:01:04,78.2569203,14.3154724,2025_IWOOS_id3
2025-10-07 05:00:53,78.2578042,14.3148604,2025_IWOOS_id3
2025-10-07 06:00:55,78.2579006,14.3166462,2025_IWOOS_id3
2025-10-07 07:00:37,78.2581205,14.3191243,2025_IWOOS_id3
2025-10-07 08:00:53,78.2581742,14.3189308,2025_IWOOS_id3
2025-10-07 09:00:43,78.2582203,14.3187499,2025_IWOOS_id3
2025-10-07 10:00:53,78.2581454,14.3204438,2025_IWOOS_id3
2025-10-07 11:00:58,78.2580287,14.3205935,2025_IWOOS_id3
2025-10-07 12:00:53,78.258067,14.3200257,2025_IWOOS_id3
2025-10-07 13:01:11,78.2574423,14.3201732,2025_IWOOS_id3
2025-10-07 14:00:54,78.2569501,14.3180396,2025_IWOOS_id3
2025-10-07 15:00:39,78.2569123,14.3159065,2025_IWOOS_id3
2025-10-07 16:01:21,78.25684,14.3149174,2025_IWOOS_id3
2025-10-07 17:00:40,78.2571175,14.3143116,2025_IWOOS_id3
2025-10-07 18:01:14,78.2578523,14.3147864,2025_IWOOS_id3
2025-10-07 19:00:44,78.2581663,14.3183231,2025_IWOOS_id3
2025-10-07 20:01:29,78.2580111,14.3213894,2025_IWOOS_id3
2025-10-07 21:00:42,78.2581361,14.3215566,2025_IWOOS_id3
2025-10-07 22:00:57,78.2579692,14.3220126,2025_IWOOS_id3
2025-10-07 23:00:44,78.2578467,14.3226775,2025_IWOOS_id3
2025-10-08 00:00:53,78.2577096,14.3217126,2025_IWOOS_id3
2025-10-08 01:01:09,78.2575885,14.3213417,2025_IWOOS_id3
2025-10-08 02:00:53,78.2572949,14.3207856,2025_IWOOS_id3
2025-10-08 03:01:01,78.2568093,14.3184562,2025_IWOOS_id3
2025-10-08 04:00:54,78.2568223,14.3176647,2025_IWOOS_id3
2025-10-08 05:00:37,78.25671,14.3158407,2025_IWOOS_id3
2025-10-08 06:01:29,78.2569949,14.3156956,2025_IWOOS_id3
2025-10-08 07:00:40,78.2576044,14.314991,2025_IWOOS_id3
2025-10-08 08:00:52,78.2583747,14.3192118,2025_IWOOS_id3
2025-10-08 09:00:52,78.2584947,14.3208823,2025_IWOOS_id3
2025-10-08 10:01:29,78.258383,14.323557,2025_IWOOS_id3
2025-10-08 11:00:46,78.2582068,14.321895,2025_IWOOS_id3
2025-10-08 12:01:31,78.2582967,14.3211666,2025_IWOOS_id3
2025-10-08 13:01:03,78.2583496,14.3203317,2025_IWOOS_id3
2025-10-08 14:00:51,78.2582143,14.3209076,2025_IWOOS_id3
2025-10-08 15:01:15,78.2581368,14.3215507,2025_IWOOS_id3
2025-10-08 16:01:20,78.2578445,14.3222091,2025_IWOOS_id3
2025-10-08 17:00:36,78.2575508,14.3216762,2025_IWOOS_id3
2025-10-08 18:01:20,78.2576915,14.3221652,2025_IWOOS_id3
2025-10-08 19:00:58,78.2578961,14.3224079,2025_IWOOS_id3
2025-10-08 20:00:53,78.258318,14.3214217,2025_IWOOS_id3
2025-10-08 21:00:58,78.2582846,14.3217342,2025_IWOOS_id3
2025-10-08 22:01:21,78.2584567,14.3217208,2025_IWOOS_id3
2025-10-08 23:00:40,78.2585568,14.3211072,2025_IWOOS_id3
2025-10-09 00:01:22,78.2584875,14.3206776,2025_IWOOS_id3
2025-10-09 01:00:40,78.2585224,14.3195068,2025_IWOOS_id3
2025-10-09 02:01:06,78.258345,14.3184587,2025_IWOOS_id3
2025-10-09 03:00:39,78.2582351,14.31708,2025_IWOOS_id3
2025-10-09 04:01:15,78.2581972,14.3160365,2025_IWOOS_id3
2025-10-09 05:00:39,78.2581777,14.3159698,2025_IWOOS_id3
2025-10-09 06:01:14,78.2582313,14.3180932,2025_IWOOS_id3
2025-10-09 07:00:36,78.2581942,14.3202269,2025_IWOOS_id3
2025-10-09 08:00:57,78.258368,14.3203579,2025_IWOOS_id3
2025-10-09 09:00:34,78.2583653,14.3208681,2025_IWOOS_id3
2025-10-09 10:01:21,78.2583988,14.3211482,2025_IWOOS_id3
2025-10-09 11:00:40,78.258564,14.3205209,2025_IWOOS_id3
2025-10-09 12:00:56,78.2584327,14.3200066,2025_IWOOS_id3
2025-10-09 13:00:36,78.2582402,14.3193375,2025_IWOOS_id3
2025-10-09 14:00:54,78.2581055,14.3189704,2025_IWOOS_id3
2025-10-09 15:00:39,78.2580579,14.3172336,2025_IWOOS_id3
2025-10-09 16:00:53,78.2576986,14.3135164,2025_IWOOS_id3
2025-10-09 17:00:38,78.2573812,14.3128648,2025_IWOOS_id3
2025-10-09 18:00:55,78.2573208,14.3131758,2025_IWOOS_id3
2025-10-09 19:00:37,78.2572046,14.3140684,2025_IWOOS_id3
2025-10-09 20:00:55,78.2569574,14.3154507,2025_IWOOS_id3
2025-10-09 21:00:32,78.2575323,14.315997,2025_IWOOS_id3
2025-10-09 22:00:53,78.2580558,14.3180887,2025_IWOOS_id3
2025-10-09 23:00:34,78.2580916,14.3182528,2025_IWOOS_id3
2025-10-10 00:00:54,78.2579907,14.3170858,2025_IWOOS_id3
2025-10-10 01:00:39,78.2575589,14.3150837,2025_IWOOS_id3
2025-10-10 02:00:53,78.2569228,14.3144405,2025_IWOOS_id3
2025-10-10 03:00:39,78.2567698,14.3141234,2025_IWOOS_id3
2025-10-10 04:00:53,78.2567317,14.3132822,2025_IWOOS_id3
2025-10-10 05:00:36,78.2566989,14.3126526,2025_IWOOS_id3
2025-10-10 06:00:54,78.2566746,14.3125711,2025_IWOOS_id3
2025-10-10 07:00:38,78.2566162,14.3130074,2025_IWOOS_id3
2025-10-10 08:00:52,78.2566736,14.3133028,2025_IWOOS_id3
2025-10-10 09:00:39,78.2567833,14.3133347,2025_IWOOS_id3
2025-10-10 10:00:53,78.2568436,14.3134138,2025_IWOOS_id3
2025-10-10 11:00:40,78.2566839,14.3144668,2025_IWOOS_id3
2025-10-10 12:00:53,78.2567383,14.3139074,2025_IWOOS_id3
2025-10-10 13:00:40,78.2567959,14.3138146,2025_IWOOS_id3
2025-10-10 14:00:54,78.2565524,14.3142034,2025_IWOOS_id3
2025-10-10 15:00:41,78.2564935,14.3137642,2025_IWOOS_id3
2025-10-10 16:00:53,78.256571,14.3133425,2025_IWOOS_id3
2025-10-10 17:00:37,78.2565475,14.3128099,2025_IWOOS_id3
2025-10-10 18:00:53,78.2565745,14.3123566,2025_IWOOS_id3
2025-10-10 19:00:38,78.2565171,14.3125777,2025_IWOOS_id3
2025-10-10 20:00:53,78.2565217,14.3130249,2025_IWOOS_id3
2025-10-10 21:00:37,78.2565283,14.3132695,2025_IWOOS_id3
2025-10-10 22:00:52,78.2564632,14.3136743,2025_IWOOS_id3
2025-10-10 23:00:38,78.2565257,14.3132678,2025_IWOOS_id3
2025-10-11 00:00:51,78.2565815,14.3136233,2025_IWOOS_id3
2025-10-11 01:00:48,78.2565707,14.3139275,2025_IWOOS_id3
2025-10-11 02:00:52,78.2566501,14.3130158,2025_IWOOS_id3
2025-10-11 03:00:52,78.2563952,14.3125113,2025_IWOOS_id3
2025-10-11 04:01:22,78.2565102,14.3124581,2025_IWOOS_id3
2025-10-11 05:00:39,78.2565142,14.3120141,2025_IWOOS_id3
2025-10-11 06:00:51,78.2565081,14.3121856,2025_IWOOS_id3
2025-10-11 07:00:59,78.2565783,14.3116763,2025_IWOOS_id3
2025-10-11 08:00:51,78.2565515,14.3121006,2025_IWOOS_id3
2025-10-11 09:01:00,78.2566164,14.3124898,2025_IWOOS_id3
2025-10-11 10:00:51,78.2565835,14.3125676,2025_IWOOS_id3
2025-10-11 11:00:38,78.2567376,14.3126553,2025_IWOOS_id3
2025-10-11 12:01:13,78.2566719,14.3131616,2025_IWOOS_id3
2025-10-11 13:00:39,78.2567837,14.3129802,2025_IWOOS_id3
2025-10-11 14:01:15,78.2567666,14.3126958,2025_IWOOS_id3
2025-10-11 15:00:34,78.2565391,14.3129103,2025_IWOOS_id3
2025-10-11 16:00:55,78.2565378,14.3127436,2025_IWOOS_id3
2025-10-11 17:00:40,78.2565213,14.3130107,2025_IWOOS_id3
2025-10-11 18:00:54,78.2565782,14.3121196,2025_IWOOS_id3
2025-10-11 19:00:38,78.2565911,14.3118184,2025_IWOOS_id3
2025-10-11 20:01:14,78.2566404,14.3115314,2025_IWOOS_id3
2025-10-11 21:00:41,78.2566158,14.3119016,2025_IWOOS_id3
2025-10-11 22:00:53,,14.3119654,2025_IWOOS_id3
2025-10-11 23:00:40,78.2566071,14.3124017,2025_IWOOS_id3
2025-10-12 00:00:56,78.2565799,14.3129868,2025_IWOOS_id3
2025-10-12 01:00:37,78.2566128,14.3131412,2025_IWOOS_id3
2025-10-12 02:00:56,78.2565134,14.3141421,2025_IWOOS_id3
2025-10-12 03:00:53,78.256305,14.3141028,2025_IWOOS_id3
2025-10-12 04:00:51,78.2563875,14.3136367,2025_IWOOS_id3
2025-10-12 05:00:40,78.2563192,14.3135361,2025_IWOOS_id3
2025-10-12 06:00:52,78.256406,14.3133809,2025_IWOOS_id3
2025-10-12 07:00:40,78.2563966,14.3134775,2025_IWOOS_id3
2025-10-12 08:00:52,78.2563916,14.3143393,2025_IWOOS_id3
2025-10-12 09:00:38,78.2565612,14.3140961,2025_IWOOS_id3
2025-10-12 10:00:53,78.2566715,14.3139301,2025_IWOOS_id3
2025-10-12 11:00:34,78.256532,14.3149923,2025_IWOOS_id3
2025-10-12 12:00:54,78.2564076,14.3161317,2025_IWOOS_id3
2025-10-12 13:00:40,78.2564195,14.3165431,2025_IWOOS_id3
2025-10-12 14:00:55,78.2564539,14.3171621,2025_IWOOS_id3
2025-10-12 15:00:39,78.2563738,14.3175729,2025_IWOOS_id3
2025-10-12 16:00:54,78.2563693,14.3173063,2025_IWOOS_id3
2025-10-12 17:00:35,78.2563414,14.3161745,2025_IWOOS_id3
2025-10-12 18:01:15,78.2563755,14.3161117,2025_IWOOS_id3
2025-10-12 19:00:39,78.2563225,14.3159427,2025_IWOOS_id3
2025-10-12 20:01:15,78.2562927,14.3166902,2025_IWOOS_id3
2025-10-12 21:00:38,78.2562712,14.3171081,2025_IWOOS_id3
2025-10-12 22:01:00,78.2564705,14.3171415,2025_IWOOS_id3
2025-10-12 23:01:06,78.2566155,14.3181907,2025_IWOOS_id3
2025-10-13 00:00:54,78.2568601,14.320152,2025_IWOOS_id3
2025-10-13 01:00:40,78.2579473,14.3227403,2025_IWOOS_id3
2025-10-13 02:01:20,78.2581598,14.3229373,2025_IWOOS_id3
2025-10-13 03:00:38,78.2583176,14.323057,2025_IWOOS_id3
2025-10-13 04:01:22,78.2583046,14.3223111,2025_IWOOS_id3
2025-10-13 05:00:39,78.2583812,14.3214084,2025_IWOOS_id3
2025-10-13 06:01:31,78.2583284,14.3190114,2025_IWOOS_id3
2025-10-13 07:00:41,78.2584218,14.3183433,2025_IWOOS_id3
2025-10-13 08:01:23,78.2585024,14.3179939,2025_IWOOS_id3
2025-10-13 09:01:14,78.2585268,14.3181729,2025_IWOOS_id3
2025-10-13 10:01:30,78.2585178,14.3206279,2025_IWOOS_id3
2025-10-13 11:00:50,78.2583193,14.3235482,2025_IWOOS_id3
2025-10-13 12:00:52,78.2582913,14.3236927,2025_IWOOS_id3
2025-10-13 13:00:38,78.2583501,14.3244219,2025_IWOOS_id3
2025-10-13 14:01:28,78.2583549,14.3240814,2025_IWOOS_id3
2025-10-13 15:00:59,78.2583731,14.3247552,2025_IWOOS_id3
2025-10-13 16:00:54,78.2583796,14.3237882,2025_IWOOS_id3
2025-10-13 17:00:37,78.2583192,14.3245795,2025_IWOOS_id3
2025-10-13 18:01:23,78.2583361,14.3238571,2025_IWOOS_id3
2025-10-13 19:00:52,78.258392,14.3238257,2025_IWOOS_id3
2025-10-13 20:00:56,,14.3232725,2025_IWOOS_id3
2025-10-13 21:01:15,78.2583114,14.3243264,2025_IWOOS_id3
2025-10-13 22:01:14,78.2583284,14.324145,2025_IWOOS_id3
2025-10-13 23:00:42,78.2584603,14.3239079,2025_IWOOS_id3
2025-10-14 00:01:14,78.2585517,14.3238511,2025_IWOOS_id3
2025-10-14 01:00:40,78.2585941,14.3231899,2025_IWOOS_id3
2025-10-14 02:01:19,78.2586974,14.3223732,2025_IWOOS_id3
2025-10-14 03:01:11,78.2585861,14.323261,2025_IWOOS_id3
2025-10-14 04:01:21,78.2586542,14.3230851,2025_IWOOS_id3
2025-10-14 05:00:42,78.2586136,14.3227217,2025_IWOOS_id3
2025-10-14 06:01:15,78.2584523,14.3220538,2025_IWOOS_id3
2025-10-14 07:00:44,78.2584206,14.3224196,2025_IWOOS_id3
2025-10-14 08:01:13,78.2584544,14.3225689,2025_IWOOS_id3
2025-10-14 09:01:05,78.2584081,14.3221268,2025_IWOOS_id3
2025-10-14 10:00:52,78.2583498,14.3219876,2025_IWOOS_id3
2025-10-14 11:00:45,78.2583282,14.3225582,2025_IWOOS_id3
2025-10-14 12:01:20,78.2583911,14.3227532,2025_IWOOS_id3
2025-10-14 13:00:40,78.2584555,14.3226071,2025_IWOOS_id3
2025-10-14 14:00:51,78.258346,14.3222256,2025_IWOOS_id3
2025-10-14 15:00:39,78.2584734,14.3247674,2025_IWOOS_id3
2025-10-14 16:01:15,78.2584831,14.3215976,2025_IWOOS_id3
2025-10-14 17:00:35,78.2584168,14.3209673,2025_IWOOS_id3
2025-10-14 18:00:53,78.2584224,14.3205622,2025_IWOOS_id3
2025-10-14 19:00:41,78.2583248,14.3210124,2025_IWOOS_id3
2025-10-14 20:01:13,78.2583217,14.3199048,2025_IWOOS_id3
2025-10-14 21:00:38,78.2583602,14.3210397,2025_IWOOS_id3
2025-10-14 22:00:53,78.2580477,14.3211443,2025_IWOOS_id3
2025-10-14 23:00:37,78.2580329,14.3217995,2025_IWOOS_id3
2025-10-15 00:01:18,78.2580319,14.3222901,2025_IWOOS_id3
2025-10-15 01:00:36,78.2580559,14.3223017,2025_IWOOS_id3
2025-10-15 02:00:53,78.2580816,14.3225085,2025_IWOOS_id3
2025-10-15 03:01:10,78.258016,14.3225777,2025_IWOOS_id3
2025-10-15 04:01:14,78.2580587,14.3219861,2025_IWOOS_id3
2025-10-15 05:04:30,78.257959,14.3223526,2025_IWOOS_id3
2025-10-15 06:00:52,78.2579722,14.3221806,2025_IWOOS_id3
2025-10-15 07:00:40,78.2580061,14.32166,2025_IWOOS_id3
2025-10-15 08:01:20,78.2580829,14.3212879,2025_IWOOS_id3
2025-10-15 09:00:40,78.2581219,14.3207491,2025_IWOOS_id3
2025-10-15 10:00:52,78.2579477,14.3206598,2025_IWOOS_id3
2025-10-15 11:00:40,78.2576865,14.3214423,2025_IWOOS_id3
2025-10-15 12:00:53,78.2578908,14.3214009,2025_IWOOS_id3
2025-10-15 13:00:38,78.2580798,14.3203913,2025_IWOOS_id3
2025-10-15 14:00:53,78.258115,14.3196518,2025_IWOOS_id3
2025-10-15 15:00:37,78.2581295,14.3197806,2025_IWOOS_id3
2025-10-15 16:00:57,78.2580333,14.3200988,2025_IWOOS_id3
2025-10-15 17:00:40,78.2579728,14.3201238,2025_IWOOS_id3
2025-10-15 18:00:55,78.2577749,14.3205342,2025_IWOOS_id3
2025-10-15 19:00:37,78.2571742,14.3204926,2025_IWOOS_id3
2025-10-15 20:00:56,78.2569744,14.3184506,2025_IWOOS_id3
2025-10-15 21:00:38,78.2567585,14.3168345,2025_IWOOS_id3
2025-10-15 22:00:52,78.2568467,14.3158361,2025_IWOOS_id3
2025-10-15 23:01:03,78.2566977,14.3148146,2025_IWOOS_id3
2025-10-16 00:00:53,78.2567563,14.3142262,2025_IWOOS_id3
2025-10-16 01:00:36,78.2566754,14.3149668,2025_IWOOS_id3
2025-10-16 02:00:54,78.2566858,14.3146416,2025_IWOOS_id3
2025-10-16 03:00:39,78.2567547,14.3141589,2025_IWOOS_id3
2025-10-16 04:00:56,78.2567568,14.3141703,2025_IWOOS_id3
2025-10-16 05:00:36,78.2568024,14.3142144,2025_IWOOS_id3
2025-10-16 06:00:53,78.2568116,14.3140509,2025_IWOOS_id3
2025-10-16 07:00:40,78.2567578,14.3140944,2025_IWOOS_id3
2025-10-16 08:00:57,78.2565604,14.3144387,2025_IWOOS_id3
2025-10-16 09:00:54,78.2567015,14.3131218,2025_IWOOS_id3
2025-10-16 10:00:54,78.2565524,14.3139441,2025_IWOOS_id3
2025-10-16 11:00:41,78.2566255,14.3137368,2025_IWOOS_id3
2025-10-16 12:00:52,78.2566585,14.313551,2025_IWOOS_id3
2025-10-16 13:00:37,78.256716,14.3132253,2025_IWOOS_id3
2025-10-16 14:00:56,78.2566277,14.3133752,2025_IWOOS_id3
2025-10-16 15:00:33,78.2566999,14.3135888,2025_IWOOS_id3
2025-10-16 16:00:54,78.2567663,14.3138777,2025_IWOOS_id3
2025-10-16 17:00:40,78.2569338,14.3130276,2025_IWOOS_id3
2025-10-16 18:00:54,78.2570001,14.3132788,2025_IWOOS_id3
2025-10-16 19:00:39,78.2570119,14.3134683,2025_IWOOS_id3
2025-10-16 20:00:55,78.2568925,14.3130002,2025_IWOOS_id3
2025-10-16 21:00:36,78.2567032,14.3129802,2025_IWOOS_id3
2025-10-16 22:01:20,78.2567314,14.313765,2025_IWOOS_id3
2025-10-16 23:00:40,78.2567739,14.3134457,2025_IWOOS_id3
2025-10-17 00:00:53,78.2571613,14.3124373,2025_IWOOS_id3
2025-10-17 01:00:39,78.2571248,14.3121937,2025_IWOOS_id3
2025-10-17 02:00:53,78.2572272,14.3120558,2025_IWOOS_id3
2025-10-17 03:00:33,78.2571245,14.3127937,2025_IWOOS_id3
2025-10-17 04:01:26,78.2572909,14.3129095,2025_IWOOS_id3
2025-10-17 05:00:33,78.2573123,14.3134483,2025_IWOOS_id3
2025-10-17 06:00:53,78.2573393,14.3134622,2025_IWOOS_id3
2025-10-17 07:00:35,78.2573649,14.3134691,2025_IWOOS_id3
2025-10-17 08:00:55,78.2571952,14.3135046,2025_IWOOS_id3
2025-10-17 09:00:34,78.257113,,2025_IWOOS_id3
2025-10-17 10:00:54,78.2571409,14.3137961,2025_IWOOS_id3
2025-10-17 11:00:34,78.2571794,14.3137211,2025_IWOOS_id3
2025-10-17 12:00:54,78.2573888,14.3130592,2025_IWOOS_id3
2025-10-17 13:00:38,78.257507,14.3131278,2025_IWOOS_id3
2025-10-17 14:00:53,78.2576735,14.3138015,2025_IWOOS_id3
2025-10-17 15:00:52,78.2574106,14.3148226,2025_IWOOS_id3
2025-10-17 16:00:59,78.2577703,14.3149752,2025_IWOOS_id3
2025-10-17 17:00:36,78.2580827,14.3163352,2025_IWOOS_id3
2025-10-17 18:00:55,78.2580634,14.3176214,2025_IWOOS_id3
2025-10-17 19:00:39,78.2582069,14.317449,2025_IWOOS_id3
2025-10-17 20:01:01,78.2584889,14.3171138,2025_IWOOS_id3
2025-10-17 21:00:38,78.2584583,14.3173553,2025_IWOOS_id3
2025-10-17 22:00:53,78.2583601,14.3163156,2025_IWOOS_id3
2025-10-17 23:00:37,78.2583799,14.3168467,2025_IWOOS_id3
2025-10-18 00:01:20,78.258327,14.3172241,2025_IWOOS_id3
2025-10-18 01:00:38,78.2583544,14.3176948,2025_IWOOS_id3
2025-10-18 02:00:53,78.2583923,14.3196868,2025_IWOOS_id3
2025-10-18 03:00:35,78.25841,14.3196018,2025_IWOOS_id3
2025-10-18 04:01:06,78.2583747,14.3204864,2025_IWOOS_id3
2025-10-18 05:00:41,78.258464,14.3205403,2025_IWOOS_id3
2025-10-18 06:00:54,78.258486,14.3193246,2025_IWOOS_id3
2025-10-18 07:00:38,,14.3191834,2025_IWOOS_id3
2025-10-18 08:00:53,78.2585076,14.32097,2025_IWOOS_id3
2025-10-18 09:00:53,78.2584557,14.3219352,2025_IWOOS_id3
2025-10-18 10:00:51,78.258293,14.3220879,2025_IWOOS_id3
2025-10-18 11:00:42,78.2580056,14.3226677,2025_IWOOS_id3
2025-10-18 12:01:15,78.2577185,14.322429,2025_IWOOS_id3
2025-10-18 13:00:35,78.2576135,14.3222143,2025_IWOOS_id3
2025-10-18 14:00:55,78.2574218,14.3220651,2025_IWOOS_id3
2025-10-18 15:00:40,78.2573057,14.3219508,2025_IWOOS_id3
2025-10-18 16:00:53,78.2575179,14.3222845,2025_IWOOS_id3
2025-10-18 17:00:58,78.2575558,14.3229477,2025_IWOOS_id3
2025-10-18 18:00:55,78.2579131,14.3228913,2025_IWOOS_id3
2025-10-18 19:00:37,78.257805,14.3238181,2025_IWOOS_id3
2025-10-18 20:01:19,78.2578772,14.3239325,2025_IWOOS_id3
2025-10-18 21:00:39,78.2579283,14.3235354,2025_IWOOS_id3
2025-10-18 22:01:14,78.2579762,14.3228863,2025_IWOOS_id3
2025-10-18 23:00:37,78.2577851,14.3226208,2025_IWOOS_id3
2025-10-19 00:00:53,78.2577306,14.3217721,2025_IWOOS_id3
2025-10-19 01:00:58,78.2578274,14.3218077,2025_IWOOS_id3
2025-10-19 02:00:55,78.2577236,14.320815,2025_IWOOS_id3
2025-10-19 03:00:37,78.2579549,14.3220065,2025_IWOOS_id3
2025-10-19 04:00:54,78.25787,14.3229225,2025_IWOOS_id3
2025-10-19 05:00:40,78.2578087,14.3231845,2025_IWOOS_id3
2025-10-19 06:00:54,78.257865,14.3226738,2025_IWOOS_id3
2025-10-19 07:00:39,78.2579984,14.3229046,2025_IWOOS_id3
2025-10-19 08:00:54,78.2581496,14.3223647,2025_IWOOS_id3
2025-10-19 09:00:40,78.2581404,14.3226935,2025_IWOOS_id3
2025-10-19 10:01:22,78.2581276,14.3223672,2025_IWOOS_id3
2025-10-19 11:00:39,78.2580235,14.3222966,2025_IWOOS_id3
2025-10-19 12:00:54,78.2579635,14.321933,2025_IWOOS_id3
2025-10-19 13:00:34,78.2578474,14.3219814,2025_IWOOS_id3
2025-10-19 14:00:56,78.2577463,14.3217375,2025_IWOOS_id3
2025-10-19 15:00:36,78.2580179,14.3209867,2025_IWOOS_id3
2025-10-19 16:00:53,78.2579876,14.3212738,2025_IWOOS_id3
2025-10-19 17:00:39,78.2579228,14.3223156,2025_IWOOS_id3
2025-10-19 18:00:54,78.2578812,14.3225719,2025_IWOOS_id3
2025-10-19 19:00:35,78.2578564,14.3230469,2025_IWOOS_id3
2025-10-19 20:01:20,78.2579993,14.3228591,2025_IWOOS_id3
2025-10-19 21:00:43,78.2576251,,2025_IWOOS_id3
2025-10-19 22:00:54,78.2579264,14.3228688,2025_IWOOS_id3
2025-10-19 23:00:37,78.2578509,14.3225805,2025_IWOOS_id3
2025-10-20 00:01:15,78.2576798,14.3219654,2025_IWOOS_id3
2025-10-20 01:00:35,78.2574677,14.3216527,2025_IWOOS_id3
2025-10-20 02:00:54,78.2572151,14.3207248,2025_IWOOS_id3
2025-10-20 03:00:37,78.2569277,14.3188053,2025_IWOOS_id3
2025-10-20 04:00:54,78.2570007,14.3169408,2025_IWOOS_id3
2025-10-20 05:01:14,78.2580255,14.3177139,2025_IWOOS_id3
2025-10-20 06:00:53,78.2581677,14.3206782,2025_IWOOS_id3
2025-10-20 07:00:40,78.2578996,14.3221137,2025_IWOOS_id3
2025-10-20 08:01:22,78.2577888,14.3233547,2025_IWOOS_id3
2025-10-20 09:00:39,78.2576286,14.3237439,2025_IWOOS_id3
2025-10-20 10:01:15,78.2577085,14.3230729,2025_IWOOS_id3
2025-10-20 11:00:40,78.2577139,14.3225544,2025_IWOOS_id3
2025-10-20 12:00:52,78.2575503,14.3214471,2025_IWOOS_id3
2025-10-20 13:00:39,78.2568732,14.3181074,2025_IWOOS_id3
2025-10-20 14:00:52,78.2568243,14.315072,2025_IWOOS_id3
2025-10-20 15:00:54,78.2569395,14.3144747,2025_IWOOS_id3
2025-10-20 16:00:52,78.2569379,14.3144939,2025_IWOOS_id3
2025-10-20 17:00:39,78.2568425,14.3172398,2025_IWOOS_id3
2025-10-20 18:00:53,78.2570836,14.3195167,2025_IWOOS_id3
2025-10-20 19:00:35,78.2575736,14.3211533,2025_IWOOS_id3
2025-10-20 20:00:54,78.2577641,14.321711,2025_IWOOS_id3
2025-10-20 21:01:13,78.2573784,14.3211169,2025_IWOOS_id3
2025-10-20 22:01:20,78.2574705,14.3209696,2025_IWOOS_id3
2025-10-20 23:00:37,78.2579206,14.3215713,2025_IWOOS_id3
2025-10-21 00:00:55,78.2579081,14.3210259,2025_IWOOS_id3
2025-10-21 01:00:41,78.2578918,14.3206553,2025_IWOOS_id3
2025-10-21 02:00:53,78.257788,14.318416,2025_IWOOS_id3
2025-10-21 03:00:38,78.2572548,14.3139288,2025_IWOOS_id3
2025-10-21 04:00:53,78.2571369,14.3137997,2025_IWOOS_id3
2025-10-21 05:00:59,78.2571524,14.3138517,2025_IWOOS_id3
2025-10-21 06:00:53,78.2570122,14.3145394,2025_IWOOS_id3
2025-10-21 07:00:30,78.2570802,14.3145388,2025_IWOOS_id3
2025-10-21 08:00:55,78.257337,14.3148898,2025_IWOOS_id3
2025-10-21 09:00:37,78.2578102,14.3155086,2025_IWOOS_id3
2025-10-21 10:00:54,78.2579305,14.3159653,2025_IWOOS_id3
2025-10-21 11:00:45,78.2580216,14.3156561,2025_IWOOS_id3
2025-10-21 12:00:52,78.2578164,14.3146606,2025_IWOOS_id3
2025-10-21 13:00:40,78.2572991,14.3140476,2025_IWOOS_id3
2025-10-21 14:00:54,78.25701,14.3140273,2025_IWOOS_id3
2025-10-21 15:00:38,78.2568631,14.3146458,2025_IWOOS_id3
2025-10-21 16:00:53,78.2568267,14.3146925,2025_IWOOS_id3
2025-10-21 17:00:33,78.2568703,14.3148012,2025_IWOOS_id3
2025-10-21 18:00:52,78.2567659,14.3154948,2025_IWOOS_id3
2025-10-21 19:00:37,78.2569405,14.3155166,2025_IWOOS_id3
2025-10-21 20:00:54,78.2572874,14.3155014,2025_IWOOS_id3
2025-10-21 21:00:37,78.2571568,14.3177337,2025_IWOOS_id3
2025-10-21 22:00:53,78.2572002,14.31863,2025_IWOOS_id3
2025-10-21 23:00:39,78.2574757,14.3177168,2025_IWOOS_id3
2025-10-22 00:00:53,78.2573904,14.3174926,2025_IWOOS_id3
2025-10-22 01:00:38,78.2571911,14.3167873,2025_IWOOS_id3
2025-10-22 02:00:53,78.2568611,14.3157872,2025_IWOOS_id3
2025-10-22 03:00:40,78.2568147,14.3156975,2025_IWOOS_id3
2025-10-22 04:00:51,78.2567661,14.3158011,2025_IWOOS_id3
2025-10-22 05:00:38,78.2569368,14.3153879,2025_IWOOS_id3
2025-10-22 06:00:52,78.2571694,14.315305,2025_IWOOS_id3
2025-10-22 07:00:38,78.2572964,14.3153579,2025_IWOOS_id3
2025-10-22 08:00:55,78.2577396,14.3158819,2025_IWOOS_id3
2025-10-22 09:00:42,78.2578184,14.3165708,2025_IWOOS_id3
2025-10-22 10:00:53,78.2577617,14.319057,2025_IWOOS_id3
2025-10-22 11:00:37,78.2573298,14.3190895,2025_IWOOS_id3
2025-10-22 12:00:54,78.2569566,14.3171703,2025_IWOOS_id3
2025-10-22 13:00:40,78.2568771,14.3161343,2025_IWOOS_id3
2025-10-22 14:00:52,78.256635,14.3157845,2025_IWOOS_id3
2025-10-22 15:00:38,78.2567492,14.3163191,2025_IWOOS_id3
2025-10-22 16:01:15,78.2568984,14.3150124,2025_IWOOS_id3
2025-10-22 17:00:34,78.2570517,14.3144696,2025_IWOOS_id3
2025-10-22 18:00:55,78.2575945,14.3138871,2025_IWOOS_id3
2025-10-22 19:00:54,78.2578867,14.3146883,2025_IWOOS_id3
2025-10-22 20:00:51,78.2580529,14.3153816,2025_IWOOS_id3
2025-10-22 21:00:39,78.2581684,14.3175898,2025_IWOOS_id3
2025-10-22 22:00:53,78.2581157,14.3187485,2025_IWOOS_id3
2025-10-22 23:00:37,78.2580318,14.3190017,2025_IWOOS_id3
2025-10-23 00:01:14,78.2579934,14.3183644,2025_IWOOS_id3
2025-10-23 01:00:37,78.2577743,14.3175291,2025_IWOOS_id3
2025-10-23 02:00:53,78.2570166,14.3156382,2025_IWOOS_id3
2025-10-23 03:00:38,78.2571577,14.3149909,2025_IWOOS_id3
2025-10-23 04:00:55,78.2574621,14.3143458,2025_IWOOS_id3
2025-10-23 05:00:37,78.2574912,14.3142985,2025_IWOOS_id3
2025-10-23 06:01:25,78.2576591,14.3146573,2025_IWOOS_id3
2025-10-23 07:00:36,78.2578051,14.3150867,2025_IWOOS_id3
2025-10-23 08:00:53,78.2580967,14.3170779,2025_IWOOS_id3
2025-10-23 09:00:37,78.2582124,14.3170496,2025_IWOOS_id3
2025-10-23 10:01:13,78.2582127,14.3178387,2025_IWOOS_id3
2025-10-23 11:00:39,78.2581614,14.3178826,2025_IWOOS_id3
2025-10-23 12:00:51,78.2580311,14.3178429,2025_IWOOS_id3
2025-10-23 13:00:41,78.2578891,14.3160219,2025_IWOOS_id3
2025-10-23 14:01:14,78.2573887,14.3144807,2025_IWOOS_id3
2025-10-23 15:00:40,78.2570709,14.3150551,2025_IWOOS_id3
2025-10-23 16:00:54,78.2571197,14.3144192,2025_IWOOS_id3
2025-10-23 17:00:37,78.2570035,14.3140149,2025_IWOOS_id3
2025-10-23 18:00:51,78.2570912,14.3143091,2025_IWOOS_id3
2025-10-23 19:00:38,78.2572683,14.3143651,2025_IWOOS_id3
2025-10-23 20:00:52,78.2574575,14.3145777,2025_IWOOS_id3
2025-10-23 21:00:35,78.2573744,14.3148722,2025_IWOOS_id3
2025-10-23 22:01:14,78.2573089,14.3147861,2025_IWOOS_id3
2025-10-23 23:00:59,78.2572785,14.3149248,2025_IWOOS_id3
2025-10-24 00:00:52,78.2571486,14.3154222,2025_IWOOS_id3
2025-10-24 01:00:39,78.2569046,14.3162107,2025_IWOOS_id3
2025-10-24 02:01:21,78.2567996,14.3160192,2025_IWOOS_id3
2025-10-24 03:00:37,78.256743,14.3148066,2025_IWOOS_id3
2025-10-24 04:00:50,78.2568202,14.314718,2025_IWOOS_id3
2025-10-24 05:00:53,78.2569635,14.3135639,2025_IWOOS_id3
2025-10-24 06:00:51,78.2569181,14.3133864,2025_IWOOS_id3
2025-10-24 07:00:37,78.2567894,14.3133476,2025_IWOOS_id3
2025-10-24 08:00:52,78.2570207,14.3145981,2025_IWOOS_id3
2025-10-24 09:00:34,78.2569856,14.3150899,2025_IWOOS_id3
2025-10-24 10:00:53,78.2569256,14.3162257,2025_IWOOS_id3
2025-10-24 11:00:39,78.2568234,14.3167017,2025_IWOOS_id3
2025-10-24 12:00:52,78.2566163,14.3158652,2025_IWOOS_id3
2025-10-24 13:01:04,78.2567051,14.3161163,2025_IWOOS_id3
2025-10-24 14:00:51,78.2567333,14.3152967,2025_IWOOS_id3
2025-10-24 15:00:40,78.2566425,14.3154941,2025_IWOOS_id3
2025-10-24 16:00:53,78.2566335,14.3151688,2025_IWOOS_id3
2025-10-24 17:00:37,78.2566856,14.3148248,2025_IWOOS_id3
2025-10-24 18:01:15,78.2567642,14.313775,2025_IWOOS_id3
2025-10-24 19:00:43,78.2567098,14.3144415,2025_IWOOS_id3
2025-10-24 20:00:53,78.2568458,14.3151634,2025_IWOOS_id3
2025-10-24 21:01:04,78.2569648,14.3154287,2025_IWOOS_id3
2025-10-24 22:00:51,78.2568594,14.3165866,2025_IWOOS_id3
2025-10-24 23:00:58,78.256839,14.3176717,2025_IWOOS_id3
2025-10-25 00:00:52,,14.3178311,2025_IWOOS_id3
2025-10-25 01:00:39,78.2568495,14.3174106,2025_IWOOS_id3
2025-10-25 02:01:14,78.2568715,14.3162991,2025_IWOOS_id3
2025-10-25 03:00:38,78.2569968,14.3150387,2025_IWOOS_id3
2025-10-25 04:00:51,78.2569271,14.315264,2025_IWOOS_id3
2025-10-25 05:00:34,78.257131,14.3137037,2025_IWOOS_id3
2025-10-25 06:00:53,78.257006,14.3143546,2025_IWOOS_id3
2025-10-25 07:00:43,78.2570144,14.3143086,2025_IWOOS_id3
2025-10-25 08:00:53,78.2571597,14.3149078,2025_IWOOS_id3
2025-10-25 09:00:36,78.2573328,14.3148532,2025_IWOOS_id3
2025-10-25 10:00:56,78.2579546,14.3159208,2025_IWOOS_id3
2025-10-25 11:00:42,78.2576963,14.3185652,2025_IWOOS_id3
2025-10-25 12:00:55,78.2571193,14.3172234,2025_IWOOS_id3
2025-10-25 13:00:38,78.2573532,14.3147498,2025_IWOOS_id3
2025-10-25 14:01:20,78.2576554,14.3146535,2025_IWOOS_id3
2025-10-25 15:00:40,78.2573517,14.3143047,2025_IWOOS_id3
2025-10-25 16:00:54,78.2570209,14.3129801,2025_IWOOS_id3
2025-10-25 17:00:36,78.2570918,14.3138679,2025_IWOOS_id3
2025-10-25 18:00:55,78.2573565,14.3142566,2025_IWOOS_id3
2025-10-25 19:00:40,78.2573158,14.3140948,2025_IWOOS_id3
2025-10-25 20:00:52,78.2574225,14.3143221,2025_IWOOS_id3
2025-10-25 21:00:58,78.2573759,14.3145276,2025_IWOOS_id3
2025-10-25 22:00:54,78.2571234,14.3149741,2025_IWOOS_id3
2025-10-25 23:00:52,78.2574158,14.3157421,2025_IWOOS_id3
2025-10-26 00:00:54,78.2572899,14.3143501,2025_IWOOS_id3
2025-10-26 01:01:03,78.2573436,14.3147624,2025_IWOOS_id3
2025-10-26 02:00:56,78.2571917,14.3144423,2025_IWOOS_id3
2025-10-26 03:00:35,78.2571509,14.3141321,2025_IWOOS_id3
2025-10-26 04:00:55,78.2571525,14.3141811,2025_IWOOS_id3
2025-10-26 05:00:38,78.2570964,14.314415,2025_IWOOS_id3
2025-10-26 06:00:53,78.2571241,14.3137091,2025_IWOOS_id3
2025-10-26 07:00:59,78.2571094,14.3139983,2025_IWOOS_id3
2025-10-26 08:00:54,78.257191,14.3141137,2025_IWOOS_id3
2025-10-26 09:00:40,78.2574563,14.3140469,2025_IWOOS_id3
2025-10-26 10:00:54,78.2576775,14.3141087,2025_IWOOS_id3
2025-10-26 11:00:38,78.2578838,14.314804,2025_IWOOS_id3
2025-10-26 12:00:53,78.2577038,14.3144752,2025_IWOOS_id3
2025-10-26 13:01:09,78.2573219,14.3146542,2025_IWOOS_id3
2025-10-26 14:00:52,78.2570123,14.314866,2025_IWOOS_id3
2025-10-26 15:00:39,78.2569105,14.3149369,2025_IWOOS_id3
2025-10-26 16:01:16,78.2568249,14.3155749,2025_IWOOS_id3
2025-10-26 17:00:35,78.2568308,14.3147212,2025_IWOOS_id3
2025-10-26 18:00:56,78.2571091,14.3135614,2025_IWOOS_id3
2025-10-26 19:00:40,78.2570082,14.3145355,2025_IWOOS_id3
2025-10-26 20:00:52,78.257011,14.3145868,2025_IWOOS_id3
2025-10-26 21:00:39,78.2571244,14.3146531,2025_IWOOS_id3
2025-10-26 22:01:15,78.257067,14.3151088,2025_IWOOS_id3
2025-10-26 23:00:38,78.2570178,14.3152625,2025_IWOOS_id3
2025-10-27 00:00:53,78.2568843,14.3156731,2025_IWOOS_id3
2025-10-27 01:00:34,78.2568935,14.3157888,2025_IWOOS_id3
2025-10-27 02:00:55,78.256726,14.3155023,2025_IWOOS_id3
2025-10-27 03:00:38,78.2569743,14.3151857,2025_IWOOS_id3
2025-10-27 04:01:14,78.2568676,14.3140105,2025_IWOOS_id3
2025-10-27 05:00:39,78.2569108,14.3132949,2025_IWOOS_id3
2025-10-27 06:00:58,78.2570216,14.3132296,2025_IWOOS_id3
2025-10-27 07:00:40,78.2569293,14.3137013,2025_IWOOS_id3
2025-10-27 08:01:22,,14.3132287,2025_IWOOS_id3
2025-10-27 09:01:08,78.2568741,14.3148075,2025_IWOOS_id3
2025-10-27 10:01:49,78.256885,14.3156334,2025_IWOOS_id3
2025-10-27 11:00:59,78.2568147,14.3166326,2025_IWOOS_id3
2025-10-27 12:00:53,78.2567609,14.3164215,2025_IWOOS_id3
2025-10-27 13:01:08,78.2566438,14.3172067,2025_IWOOS_id3
2025-10-27 14:00:57,78.2566549,14.3169952,2025_IWOOS_id3
2025-10-27 15:00:58,78.2566725,14.3163527,2025_IWOOS_id3
2025-10-27 16:00:57,78.2566677,14.316376,2025_IWOOS_id3
2025-10-27 17:01:27,78.2566791,14.3159752,2025_IWOOS_id3
2025-10-27 18:00:56,,14.314941,2025_IWOOS_id3
2025-10-27 19:01:11,78.2566403,14.3142985,2025_IWOOS_id3
2025-10-27 20:01:38,78.2564607,14.3143493,2025_IWOOS_id3
2025-10-27 21:01:02,78.2564887,14.3140361,2025_IWOOS_id3
2025-10-27 22:00:59,78.2566316,,2025_IWOOS_id3
2025-10-27 23:01:56,78.2567824,14.3139384,2025_IWOOS_id3
2025-10-28 00:01:29,78.2565808,14.3134667,2025_IWOOS_id3
2025-10-28 01:00:19,78.2565607,14.313476,2025_IWOOS_id3
2025-10-28 02:01:24,78.2567705,14.313907,2025_IWOOS_id3
2025-10-28 03:01:16,78.2568303,14.3130382,2025_IWOOS_id3
2025-10-28 04:03:59,78.2569134,14.3117285,2025_IWOOS_id3
2025-10-28 05:00:39,78.2567378,14.3120448,2025_IWOOS_id3
2025-10-28 06:01:21,78.2567428,14.3110345,2025_IWOOS_id3
2025-10-28 07:00:57,78.2566403,14.3121261,2025_IWOOS_id3
2025-10-28 08:00:54,78.2565582,14.3126457,2025_IWOOS_id3
2025-10-28 09:01:16,78.2565881,14.3126412,2025_IWOOS_id3
2025-10-28 10:01:58,78.2565764,14.3132278,2025_IWOOS_id3
2025-10-28 10:25:17,78.256612,14.3132955,2025_IWOOS_id3
2025-10-28 11:00:23,78.2566535,14.3127844,2025_IWOOS_id3
2025-10-28 12:01:22,78.2566097,14.3128245,2025_IWOOS_id3
2025-10-28 13:00:40,78.2565955,14.3124081,2025_IWOOS_id3
2025-10-28 14:01:28,78.2565247,14.3127198,2025_IWOOS_id3
2025-10-28 15:00:41,78.2566654,14.3119558,2025_IWOOS_id3
2025-10-28 16:01:22,78.2567255,14.3111157,2025_IWOOS_id3
2025-10-28 17:00:53,78.2565016,14.3116623,2025_IWOOS_id3
2025-10-28 18:00:52,78.2564328,14.3121472,2025_IWOOS_id3
2025-10-28 19:00:42,78.2564931,14.3120911,2025_IWOOS_id3
2025-10-28 20:00:53,78.2564194,14.3128283,2025_IWOOS_id3
2025-10-28 21:00:43,78.2565084,14.3123296,2025_IWOOS_id3
2025-10-28 22:01:24,78.2566241,14.312482,2025_IWOOS_id3
2025-10-28 23:00:37,78.2565999,14.3124168,2025_IWOOS_id3
2025-10-29 00:00:53,78.2565937,14.3129785,2025_IWOOS_id3
2025-10-29 01:00:41,78.25653,14.3133649,2025_IWOOS_id3
2025-10-29 02:01:15,78.2566223,14.3124103,2025_IWOOS_id3
2025-10-29 03:00:58,78.2566724,14.3125026,2025_IWOOS_id3
2025-10-29 04:00:54,78.2567284,14.3124767,2025_IWOOS_id3
2025-10-29 05:00:37,78.2567299,14.3123204,2025_IWOOS_id3
2025-10-29 06:01:20,78.2566294,14.3123578,2025_IWOOS_id3
2025-10-29 07:00:40,78.256668,14.3123182,2025_IWOOS_id3
2025-10-29 08:01:04,78.2566939,14.3121677,2025_IWOOS_id3
2025-10-29 09:00:36,78.2567349,14.3120517,2025_IWOOS_id3
2025-10-29 10:01:29,78.2568031,14.3122992,2025_IWOOS_id3
2025-10-29 11:00:38,78.2568358,14.3130076,2025_IWOOS_id3
2025-10-29 12:01:14,78.2567457,14.3126872,2025_IWOOS_id3
2025-10-29 13:00:38,78.2568717,14.3126616,2025_IWOOS_id3
2025-10-29 15:00:39,78.2571035,14.3125882,2025_IWOOS_id3
2025-10-29 16:00:54,78.2565795,14.3138636,2025_IWOOS_id3
2025-10-29 17:00:51,78.2565124,14.3130101,2025_IWOOS_id3
2025-10-29 18:01:22,78.2565451,14.312068,2025_IWOOS_id3
2025-10-29 19:01:01,78.2565331,14.3118155,2025_IWOOS_id3
2025-10-29 20:00:54,78.2565905,,2025_IWOOS_id3
2025-10-29 21:00:36,78.2566455,14.3117368,2025_IWOOS_id3
2025-10-29 22:01:00,,14.3118019,2025_IWOOS_id3
2025-10-29 23:00:39,78.2565564,14.3118206,2025_IWOOS_id3
2025-10-30 00:00:53,78.2567314,14.3109374,2025_IWOOS_id3
2025-10-30 01:00:52,78.2565713,14.313599,2025_IWOOS_id3
2025-10-30 02:00:54,78.2564102,14.3136816,2025_IWOOS_id3
2025-10-30 03:00:52,78.2563473,14.3132024,2025_IWOOS_id3
2025-10-30 04:00:51,78.2564475,14.3128646,2025_IWOOS_id3
2025-10-30 05:00:39,78.2564418,14.312847,2025_IWOOS_id3
2025-10-30 06:00:57,78.2563619,14.3131123,2025_IWOOS_id3
2025-10-30 07:00:40,78.2565451,14.3120585,2025_IWOOS_id3
2025-10-30 08:00:56,78.2566887,14.3119232,2025_IWOOS_id3
2025-10-30 09:00:37,78.2564818,14.3123257,2025_IWOOS_id3
2025-10-30 10:00:52,78.2564898,14.3123062,2025_IWOOS_id3
2025-10-30 11:00:52,78.2564311,14.3121602,2025_IWOOS_id3
2025-10-30 12:00:52,78.2564288,14.3123552,2025_IWOOS_id3
2025-10-30 13:00:42,78.2564839,14.3128034,2025_IWOOS_id3
2025-10-30 14:00:54,,14.3117984,2025_IWOOS_id3
2025-10-30 15:00:41,78.2564946,14.3127689,2025_IWOOS_id3
2025-10-30 16:01:14,78.2564555,14.3129829,2025_IWOOS_id3
2025-10-30 17:00:39,78.2564166,14.3131085,2025_IWOOS_id3
2025-10-30 18:00:53,78.2564195,14.3126175,2025_IWOOS_id3
2025-10-30 19:00:34,78.2564715,14.3122635,2025_IWOOS_id3
2025-10-30 20:00:53,78.2564382,14.3121996,2025_IWOOS_id3
2025-10-30 21:00:40,78.2565938,,2025_IWOOS_id3
2025-10-30 22:00:54,78.2563514,14.3119731,2025_IWOOS_id3
2025-10-30 23:00:36,78.256324,14.3119779,2025_IWOOS_id3
2025-10-31 00:01:14,78.2566027,,2025_IWOOS_id3
2025-10-31 01:00:41,78.2566743,14.3120322,2025_IWOOS_id3
2025-10-31 02:00:52,78.2567175,14.3120978,2025_IWOOS_id3
2025-10-31 03:00:41,78.2564777,14.3126302,2025_IWOOS_id3
2025-10-31 04:00:54,78.2565936,14.3128645,2025_IWOOS_id3
2025-10-31 05:00:38,78.2566972,14.3127576,2025_IWOOS_id3
2025-10-31 06:00:51,78.2566843,14.3132167,2025_IWOOS_id3
2025-10-31 07:00:43,78.2565677,14.3134313,2025_IWOOS_id3
2025-10-31 08:00:52,78.2570786,14.3115356,2025_IWOOS_id3
2025-10-31 09:00:53,78.2568189,14.3118355,2025_IWOOS_id3
2025-10-31 10:01:24,78.2567073,14.3124542,2025_IWOOS_id3
2025-10-31 11:00:33,78.2566077,14.3131038,2025_IWOOS_id3
2025-10-31 12:00:54,78.2564327,14.3141065,2025_IWOOS_id3
2025-10-31 13:00:35,78.2564794,14.3136457,2025_IWOOS_id3
2025-10-31 14:00:53,78.2565043,14.3132132,2025_IWOOS_id3
2025-10-31 15:00:39,78.2564317,14.3136985,2025_IWOOS_id3
2025-10-31 16:01:15,78.2565891,14.3134486,2025_IWOOS_id3
2025-10-31 17:00:39,78.256502,14.3136702,2025_IWOOS_id3
2025-10-31 18:01:25,78.2563987,14.3134771,2025_IWOOS_id3
2025-10-31 19:00:39,78.2565249,14.313311,2025_IWOOS_id3
2025-10-31 20:00:51,78.2565284,14.31297,2025_IWOOS_id3
2025-10-31 21:00:53,78.2563824,14.3134092,2025_IWOOS_id3
2025-10-31 22:00:51,78.2564637,14.3123596,2025_IWOOS_id3
2025-10-31 23:00:38,78.2564448,14.3122252,2025_IWOOS_id3
2025-11-01 00:00:53,,14.3129255,2025_IWOOS_id3
2025-11-01 01:00:37,78.2564096,14.313164,2025_IWOOS_id3
2025-11-01 02:00:50,78.2564022,14.31291,2025_IWOOS_id3
2025-11-01 03:00:54,78.256395,14.3127185,2025_IWOOS_id3
2025-11-01 04:00:52,78.2564171,14.3130551,2025_IWOOS_id3
2025-11-01 05:00:37,78.2566072,14.3130328,2025_IWOOS_id3
2025-11-01 06:00:52,78.2565447,,2025_IWOOS_id3
2025-11-01 07:00:39,78.2566602,14.3129057,2025_IWOOS_id3
2025-11-01 08:00:52,78.2566267,14.3130877,2025_IWOOS_id3
2025-11-01 09:00:38,78.25667,14.3132064,2025_IWOOS_id3
2025-11-01 10:00:51,78.2565918,14.3130943,2025_IWOOS_id3
2025-11-01 11:00:39,78.2565561,14.3130447,2025_IWOOS_id3
2025-11-01 12:00:51,78.2565341,14.3129665,2025_IWOOS_id3
2025-11-01 13:00:42,78.2564755,14.312811,2025_IWOOS_id3
2025-11-01 14:00:51,78.2563823,14.3131621,2025_IWOOS_id3
2025-11-01 15:00:35,78.2563959,14.3132635,2025_IWOOS_id3
2025-11-01 16:01:28,78.2563373,14.3140248,2025_IWOOS_id3
2025-11-01 17:00:40,78.2562957,14.3140685,2025_IWOOS_id3
2025-11-01 18:00:52,,14.3150541,2025_IWOOS_id3
2025-11-01 19:00:35,78.2563318,14.3150788,2025_IWOOS_id3
2025-11-01 20:01:04,78.2563267,14.3148498,2025_IWOOS_id3
2025-11-01 21:00:37,78.2565084,14.3138138,2025_IWOOS_id3
2025-11-01 22:00:55,78.256622,14.3135806,2025_IWOOS_id3
2025-11-01 23:01:22,78.2566362,14.3129744,2025_IWOOS_id3
2025-11-02 00:01:21,78.2566285,14.3125324,2025_IWOOS_id3
2025-11-02 01:00:35,78.2566842,14.3124099,2025_IWOOS_id3
2025-11-02 02:01:14,78.2566816,14.3127679,2025_IWOOS_id3
2025-11-02 03:00:50,78.2566879,14.312755,2025_IWOOS_id3
2025-11-02 04:00:54,78.2565818,14.3140549,2025_IWOOS_id3
2025-11-02 05:00:37,78.2565594,14.3151097,2025_IWOOS_id3
2025-11-02 06:00:52,78.2567479,14.3138906,2025_IWOOS_id3
2025-11-02 07:00:40,78.2567551,14.3153395,2025_IWOOS_id3
2025-11-02 08:01:27,78.2569813,14.3161326,2025_IWOOS_id3
2025-11-02 09:00:35,78.2567225,14.31497,2025_IWOOS_id3
2025-11-02 10:00:55,78.2565849,14.315891,2025_IWOOS_id3
2025-11-02 11:00:41,78.2563528,14.3157832,2025_IWOOS_id3
2025-11-02 12:01:20,78.2563217,14.3148984,2025_IWOOS_id3
2025-11-02 13:00:38,78.2562915,14.3134067,2025_IWOOS_id3
2025-11-02 14:00:53,78.2564596,14.3130479,2025_IWOOS_id3
2025-11-02 15:00:41,78.2566193,14.3129255,2025_IWOOS_id3
2025-11-02 16:00:53,78.2565278,14.3132635,2025_IWOOS_id3
2025-11-02 17:00:35,78.2564837,14.3138707,2025_IWOOS_id3
2025-11-02 18:00:53,78.2564854,14.3142824,2025_IWOOS_id3
2025-11-02 19:00:38,78.2567202,14.3132084,2025_IWOOS_id3
2025-11-02 20:00:53,78.2567209,14.3137548,2025_IWOOS_id3
2025-11-02 21:00:40,78.2564918,14.3148117,2025_IWOOS_id3
2025-11-02 22:00:49,78.256365,14.3147163,2025_IWOOS_id3
2025-11-02 23:00:40,78.2562247,14.3142397,2025_IWOOS_id3
2025-11-03 00:00:53,78.2564951,14.3123578,2025_IWOOS_id3
2025-11-03 01:00:58,78.2564088,14.3118964,2025_IWOOS_id3
2025-11-03 02:00:53,78.2563474,14.3109378,2025_IWOOS_id3
2025-11-03 03:00:53,78.2562245,14.3095958,2025_IWOOS_id3
2025-11-03 04:01:15,78.2566241,14.3115559,2025_IWOOS_id3
2025-11-03 05:00:38,78.2564607,14.3129358,2025_IWOOS_id3
2025-11-03 06:00:53,78.2563956,14.3130496,2025_IWOOS_id3
2025-11-03 07:00:45,78.2561929,14.3150162,2025_IWOOS_id3
2025-11-03 08:00:53,78.2562604,14.3151044,2025_IWOOS_id3
2025-11-03 09:00:52,78.256343,14.3150784,2025_IWOOS_id3
2025-11-03 10:00:53,78.2562797,14.3136501,2025_IWOOS_id3
2025-11-03 11:00:54,78.2563535,14.3132317,2025_IWOOS_id3
2025-11-03 12:01:06,78.2563997,14.3128417,2025_IWOOS_id3
2025-11-03 12:01:06,78.2563997,14.3128417,2025_IWOOS_id3
2025-11-03 13:00:34,78.2563743,14.3123158,2025_IWOOS_id3
2025-11-03 13:00:34,78.2563743,14.3123158,2025_IWOOS_id3
2025-11-03 14:01:21,78.2564214,14.3122907,2025_IWOOS_id3
2025-11-03 14:01:21,78.2564214,14.3122907,2025_IWOOS_id3
2025-11-03 15:00:30,78.2564787,14.3118288,2025_IWOOS_id3
2025-11-03 15:00:30,78.2564787,14.3118288,2025_IWOOS_id3
2025-11-03 16:01:22,78.2565071,14.3123154,2025_IWOOS_id3
2025-11-03 16:01:22,78.2565071,14.3123154,2025_IWOOS_id3
2025-11-03 17:01:27,78.2566515,14.3136935,2025_IWOOS_id3
2025-11-03 17:01:27,78.2566515,14.3136935,2025_IWOOS_id3
2025-11-03 18:00:58,,14.3166489,2025_IWOOS_id3
2025-11-03 19:01:19,78.2565554,14.3146375,2025_IWOOS_id3
2025-11-03 20:01:21,78.2564023,14.3157292,2025_IWOOS_id3
2025-11-03 21:00:40,78.2565476,14.3142355,2025_IWOOS_id3
2025-11-03 22:01:29,78.2564794,14.3141488,2025_IWOOS_id3
2025-11-03 23:00:43,78.2563818,14.3128291,2025_IWOOS_id3
2025-11-04 00:01:22,78.2565483,14.3126986,2025_IWOOS_id3
2025-11-04 01:00:52,78.2564595,14.3126132,2025_IWOOS_id3
2025-11-04 02:00:51,78.2564236,14.3122511,2025_IWOOS_id3
2025-11-04 03:01:11,78.2565621,14.3120744,2025_IWOOS_id3
2025-11-04 04:01:20,78.2565209,14.311888,2025_IWOOS_id3
2025-11-04 05:00:40,78.2566896,14.3118889,2025_IWOOS_id3
2025-11-04 06:00:56,78.2567426,14.3113289,2025_IWOOS_id3
2025-11-04 07:01:07,78.2565586,14.3127303,2025_IWOOS_id3
2025-11-04 08:01:00,78.2566795,14.3129931,2025_IWOOS_id3
2025-11-04 09:01:09,78.2568255,14.3125832,2025_IWOOS_id3
2025-11-04 10:00:52,78.256881,14.3129195,2025_IWOOS_id3
2025-11-04 11:00:53,78.2567573,14.3129046,2025_IWOOS_id3
2025-11-04 12:00:53,78.256627,14.3126051,2025_IWOOS_id3
2025-11-04 13:00:34,78.2565293,14.3124028,2025_IWOOS_id3
2025-11-04 14:01:11,78.2563917,14.3124041,2025_IWOOS_id3
2025-11-04 15:00:47,78.2564216,14.3119217,2025_IWOOS_id3
2025-11-04 16:01:22,78.2564238,14.3113467,2025_IWOOS_id3
2025-11-04 17:00:40,78.2565597,14.3114686,2025_IWOOS_id3
2025-11-04 18:01:21,78.256648,14.3120362,2025_IWOOS_id3
2025-11-04 19:00:44,78.2566745,14.3122762,2025_IWOOS_id3
2025-11-04 20:01:21,78.2566996,14.3129693,2025_IWOOS_id3
2025-11-04 21:00:38,78.2568002,14.3131581,2025_IWOOS_id3
2025-11-04 22:01:22,78.257052,14.3125888,2025_IWOOS_id3
2025-11-04 23:00:40,78.2565094,14.3125759,2025_IWOOS_id3
2025-11-05 00:01:28,78.2564526,14.3127983,2025_IWOOS_id3
2025-11-05 01:00:52,78.256292,14.3126837,2025_IWOOS_id3
2025-11-05 02:00:52,78.2563005,14.312098,2025_IWOOS_id3
2025-11-05 03:00:53,78.256287,14.3112583,2025_IWOOS_id3
2025-11-05 04:00:53,78.256391,14.3120703,2025_IWOOS_id3
2025-11-05 05:00:38,78.2564816,14.3114847,2025_IWOOS_id3
2025-11-05 06:01:14,78.2564529,14.3116559,2025_IWOOS_id3
2025-11-05 07:00:40,,14.3137412,2025_IWOOS_id3
2025-11-05 08:01:22,78.2566259,14.312055,2025_IWOOS_id3
2025-11-05 09:00:39,78.2565703,14.3135837,2025_IWOOS_id3
2025-11-05 10:00:51,78.256376,14.3131751,2025_IWOOS_id3
2025-11-05 11:00:44,78.2565037,14.312178,2025_IWOOS_id3
2025-11-05 12:00:55,78.2564151,14.3116054,2025_IWOOS_id3
2025-11-05 13:00:38,78.256326,14.3119077,2025_IWOOS_id3
2025-11-05 14:00:52,78.2563362,14.311508,2025_IWOOS_id3
2025-11-05 15:00:37,78.2563219,14.3114832,2025_IWOOS_id3
2025-11-05 16:01:14,78.2563188,14.3115218,2025_IWOOS_id3
2025-11-05 17:00:37,,14.310756,2025_IWOOS_id3
2025-11-05 18:00:54,78.2563016,14.3110901,2025_IWOOS_id3
2025-11-05 19:00:41,78.2563689,14.3118535,2025_IWOOS_id3
2025-11-05 20:00:52,78.2567524,14.309418,2025_IWOOS_id3
2025-11-05 21:00:53,78.2563586,14.3128497,2025_IWOOS_id3
2025-11-05 22:00:53,78.2565731,14.3120281,2025_IWOOS_id3
2025-11-05 23:00:53,78.2565932,14.3129255,2025_IWOOS_id3
2025-11-06 00:00:53,78.2564711,14.3121312,2025_IWOOS_id3
2025-11-06 01:00:53,78.2564683,14.3113648,2025_IWOOS_id3
2025-11-06 02:00:53,78.2563998,14.3113683,2025_IWOOS_id3
2025-11-06 03:00:38,78.2565457,14.3110309,2025_IWOOS_id3
2025-11-06 04:00:54,78.2565585,14.3107935,2025_IWOOS_id3
2025-11-06 05:00:38,78.2565264,14.3112491,2025_IWOOS_id3
2025-11-06 06:00:53,78.2565716,14.311541,2025_IWOOS_id3
2025-11-06 07:00:38,78.2565695,14.3121496,2025_IWOOS_id3
2025-11-06 08:00:52,78.2565013,14.3129244,2025_IWOOS_id3
2025-11-06 09:00:48,78.2565164,14.3136545,2025_IWOOS_id3
2025-11-06 10:00:53,78.2566218,14.3135506,2025_IWOOS_id3
2025-11-06 11:00:46,78.2567003,14.3132151,2025_IWOOS_id3
2025-11-06 12:00:55,78.2564822,14.3126004,2025_IWOOS_id3
2025-11-06 13:00:41,78.2566523,14.3112358,2025_IWOOS_id3
2025-11-06 14:01:20,78.2565847,14.3106845,2025_IWOOS_id3
2025-11-06 15:00:58,78.256516,14.3110128,2025_IWOOS_id3
2025-11-06 16:00:53,78.2564243,14.3111533,2025_IWOOS_id3
2025-11-06 17:00:59,78.2564228,14.311296,2025_IWOOS_id3
2025-11-06 18:00:53,78.2564919,14.3120447,2025_IWOOS_id3
2025-11-06 19:00:39,78.2564222,14.3123666,2025_IWOOS_id3
2025-11-06 20:01:21,78.2563746,14.3127618,2025_IWOOS_id3
2025-11-06 21:00:35,78.2563364,14.312821,2025_IWOOS_id3
2025-11-06 22:01:14,78.256377,14.3137569,2025_IWOOS_id3
2025-11-06 23:00:35,,14.3138675,2025_IWOOS_id3
2025-11-07 00:01:26,78.2563032,14.3132106,2025_IWOOS_id3
2025-11-07 01:00:43,78.2563208,14.3126154,2025_IWOOS_id3
2025-11-07 02:00:59,78.2562987,14.3121237,2025_IWOOS_id3
2025-11-07 03:00:53,,14.3112497,2025_IWOOS_id3
2025-11-07 04:00:52,78.2562881,14.3106039,2025_IWOOS_id3
2025-11-07 05:00:37,78.2563105,14.3113421,2025_IWOOS_id3
2025-11-07 06:00:54,78.25639,14.3123074,2025_IWOOS_id3
2025-11-07 07:00:39,78.2565182,14.312088,2025_IWOOS_id3
2025-11-07 08:01:15,78.2565915,14.3125152,2025_IWOOS_id3
2025-11-07 09:00:39,78.2565318,14.3128191,2025_IWOOS_id3
2025-11-07 10:01:18,78.2565694,14.3133222,2025_IWOOS_id3
2025-11-07 11:00:50,78.2565435,14.3144234,2025_IWOOS_id3
2025-11-07 12:00:53,78.256565,14.3133088,2025_IWOOS_id3
2025-11-07 13:00:45,78.2564468,14.3137001,2025_IWOOS_id3
2025-11-07 14:00:51,78.2564443,14.3134685,2025_IWOOS_id3
2025-11-07 15:00:42,78.25663,14.3118305,2025_IWOOS_id3
2025-11-07 16:01:20,78.2566734,14.3112976,2025_IWOOS_id3
2025-11-07 17:00:39,78.2567903,14.3105406,2025_IWOOS_id3
2025-11-07 18:00:54,78.2567692,14.3113363,2025_IWOOS_id3
2025-11-07 19:00:37,78.2568125,14.3118373,2025_IWOOS_id3
2025-11-07 20:01:22,78.2570049,14.312294,2025_IWOOS_id3
2025-11-07 21:00:53,78.2568917,14.3132363,2025_IWOOS_id3
2025-11-07 22:01:15,78.2568756,14.3137925,2025_IWOOS_id3
2025-11-07 23:00:40,78.2570099,14.3137843,2025_IWOOS_id3
2025-11-08 00:00:54,78.2570094,14.3137741,2025_IWOOS_id3
2025-11-08 01:00:39,78.2569619,14.3137951,2025_IWOOS_id3
2025-11-08 02:00:57,78.2568511,14.3139091,2025_IWOOS_id3
2025-11-08 03:00:39,78.2567204,14.3141334,2025_IWOOS_id3
2025-11-08 04:01:30,78.2566085,14.3140875,2025_IWOOS_id3
2025-11-08 05:00:53,78.2565241,14.3134078,2025_IWOOS_id3
2025-11-08 06:00:54,78.2565245,14.3129873,2025_IWOOS_id3
2025-11-08 07:00:43,78.2565509,14.3141651,2025_IWOOS_id3
2025-11-08 08:01:04,78.2566156,14.3150963,2025_IWOOS_id3
2025-11-08 09:00:35,78.2566021,14.3159133,2025_IWOOS_id3
2025-11-08 10:00:53,78.2566117,14.3180117,2025_IWOOS_id3
2025-11-08 11:00:37,78.2566697,14.3196681,2025_IWOOS_id3
2025-11-08 12:00:55,78.2565439,14.3187912,2025_IWOOS_id3
2025-11-08 13:00:40,78.2563212,14.3172377,2025_IWOOS_id3
2025-11-08 14:01:20,78.2561648,14.3152468,2025_IWOOS_id3
2025-11-08 15:00:59,78.2562221,14.3142491,2025_IWOOS_id3
2025-11-08 16:01:14,78.2563038,14.3131799,2025_IWOOS_id3
2025-11-08 17:00:34,78.2563272,14.3118107,2025_IWOOS_id3
2025-11-08 18:00:57,78.2563853,14.3117121,2025_IWOOS_id3
2025-11-08 19:00:53,78.2563774,14.3114022,2025_IWOOS_id3
2025-11-08 20:00:52,78.256475,14.3114397,2025_IWOOS_id3
2025-11-08 21:00:38,78.2562515,14.3139932,2025_IWOOS_id3
2025-11-08 22:00:55,78.2561193,14.3142911,2025_IWOOS_id3
2025-11-08 23:00:37,78.2563775,14.3134033,2025_IWOOS_id3
2025-11-09 00:01:14,78.2562479,14.3141182,2025_IWOOS_id3
2025-11-09 01:00:50,78.2562702,14.3135024,2025_IWOOS_id3
2025-11-09 02:00:54,78.2565676,14.3114501,2025_IWOOS_id3
2025-11-09 03:00:39,78.2564873,14.311278,2025_IWOOS_id3
2025-11-09 04:01:28,78.2565566,14.3108977,2025_IWOOS_id3
2025-11-09 05:00:38,78.2565093,14.3109528,2025_IWOOS_id3
2025-11-09 06:01:14,78.256485,14.3112247,2025_IWOOS_id3
2025-11-09 07:00:40,78.2563111,14.3122095,2025_IWOOS_id3
2025-11-09 08:01:15,78.2562861,14.313557,2025_IWOOS_id3
2025-11-09 09:00:38,78.2565039,14.3133885,2025_IWOOS_id3
2025-11-09 10:00:52,78.256521,14.3147855,2025_IWOOS_id3
2025-11-09 11:00:42,78.2566087,14.3141289,2025_IWOOS_id3
2025-11-09 12:01:25,78.2567109,14.3139863,2025_IWOOS_id3
2025-11-09 13:00:41,78.2571465,14.313251,2025_IWOOS_id3
2025-11-09 14:00:56,78.2570747,14.3126761,2025_IWOOS_id3
2025-11-09 15:01:10,78.2570425,14.3118482,2025_IWOOS_id3
2025-11-09 16:00:53,78.2567846,14.3131005,2025_IWOOS_id3
2025-11-09 17:00:42,78.2568122,14.3117483,2025_IWOOS_id3
2025-11-09 18:00:53,,14.3118893,2025_IWOOS_id3
2025-11-09 19:00:38,78.2567695,14.3116443,2025_IWOOS_id3
2025-11-09 20:01:26,78.2568129,14.3120582,2025_IWOOS_id3
2025-11-09 21:00:44,78.2568278,14.312946,2025_IWOOS_id3
2025-11-09 22:01:21,78.2569597,14.3131386,2025_IWOOS_id3
2025-11-09 23:00:39,78.2569742,14.3132864,2025_IWOOS_id3
2025-11-10 00:01:11,78.2568904,14.3138963,2025_IWOOS_id3
2025-11-10 01:00:37,78.2569462,14.3139257,2025_IWOOS_id3
2025-11-10 03:00:40,78.2569283,14.3135981,2025_IWOOS_id3
2025-11-10 04:01:14,78.2568908,14.3136746,2025_IWOOS_id3
2025-11-10 05:00:38,78.2567204,14.3151071,2025_IWOOS_id3
2025-11-10 06:01:23,78.2566083,14.3156057,2025_IWOOS_id3
2025-11-10 07:00:37,78.2565977,14.3160175,2025_IWOOS_id3
2025-11-10 08:00:54,78.2565779,14.3159308,2025_IWOOS_id3
2025-11-10 09:00:52,78.2565895,14.316693,2025_IWOOS_id3
2025-11-10 10:00:54,78.2568226,14.317071,2025_IWOOS_id3
2025-11-10 11:00:41,78.2572978,14.3147468,2025_IWOOS_id3
2025-11-10 12:00:53,78.2574348,14.3144737,2025_IWOOS_id3
2025-11-10 13:00:53,78.2580954,14.3160013,2025_IWOOS_id3
2025-11-10 14:00:54,78.2582799,14.3176373,2025_IWOOS_id3
2025-11-10 15:00:53,78.2581572,14.3165251,2025_IWOOS_id3
2025-11-10 16:00:53,78.2577502,14.3136479,2025_IWOOS_id3
2025-11-10 17:00:37,78.2573123,14.3132177,2025_IWOOS_id3
2025-11-10 18:01:14,78.2570422,14.3140374,2025_IWOOS_id3
2025-11-10 19:00:38,78.2572444,14.3138454,2025_IWOOS_id3
2025-11-10 20:00:54,78.2576591,14.3085227,2025_IWOOS_id3
2025-11-10 21:01:02,78.2574183,14.314115,2025_IWOOS_id3
2025-11-10 22:00:53,78.2582579,14.3186273,2025_IWOOS_id3
2025-11-10 23:00:53,78.2582101,14.3199143,2025_IWOOS_id3
2025-11-11 00:00:54,78.2584349,14.3198903,2025_IWOOS_id3
2025-11-11 01:00:39,78.2584808,14.3206129,2025_IWOOS_id3
2025-11-11 02:01:18,78.2583678,14.3220118,2025_IWOOS_id3
2025-11-11 03:00:38,78.2579217,14.3229456,2025_IWOOS_id3
2025-11-11 04:00:54,78.2578614,14.3223671,2025_IWOOS_id3
2025-11-11 05:00:41,78.2576844,14.3220844,2025_IWOOS_id3
2025-11-11 06:00:55,78.2578296,14.322422,2025_IWOOS_id3
2025-11-11 07:00:36,78.2578349,14.3227604,2025_IWOOS_id3
2025-11-11 08:01:19,78.2576761,14.3227035,2025_IWOOS_id3
2025-11-11 09:00:40,78.2577653,14.3232017,2025_IWOOS_id3
2025-11-11 10:00:52,78.2578155,14.3237142,2025_IWOOS_id3
2025-11-11 11:00:35,78.2578309,14.3240687,2025_IWOOS_id3
2025-11-11 12:00:56,78.2578658,14.3236478,2025_IWOOS_id3
2025-11-11 13:00:38,78.258155,14.3232965,2025_IWOOS_id3
2025-11-11 14:01:21,78.2582561,14.3237315,2025_IWOOS_id3
2025-11-11 15:00:36,78.2584658,,2025_IWOOS_id3
2025-11-11 16:01:20,78.2583028,14.3233606,2025_IWOOS_id3
2025-11-11 17:00:38,78.2582006,14.3237837,2025_IWOOS_id3
2025-11-11 18:00:53,78.2581931,14.3236671,2025_IWOOS_id3
2025-11-11 19:00:37,78.2583017,,2025_IWOOS_id3
2025-11-11 20:01:19,78.2581164,14.3243054,2025_IWOOS_id3
2025-11-11 21:01:01,78.2578158,14.3238994,2025_IWOOS_id3
2025-11-11 22:00:54,78.2576832,14.3237339,2025_IWOOS_id3
2025-11-11 23:00:46,78.2576862,14.3235793,2025_IWOOS_id3
2025-11-12 00:00:51,78.2580154,14.3234265,2025_IWOOS_id3
2025-11-12 01:00:38,78.2579962,14.323008,2025_IWOOS_id3
2025-11-12 02:01:17,78.2579619,14.3228302,2025_IWOOS_id3
2025-11-12 03:00:40,78.257948,14.3232508,2025_IWOOS_id3
2025-11-12 04:01:13,78.2579839,14.3229996,2025_IWOOS_id3
2025-11-12 05:00:40,78.257837,14.3232357,2025_IWOOS_id3
2025-11-12 06:00:55,78.257652,14.3226878,2025_IWOOS_id3
2025-11-12 07:00:47,78.2585273,14.3223889,2025_IWOOS_id3
2025-11-12 08:01:34,78.2572693,14.3230061,2025_IWOOS_id3
2025-11-12 09:00:38,78.2570603,14.3223359,2025_IWOOS_id3
2025-11-12 10:01:06,78.2568606,14.3216582,2025_IWOOS_id3
2025-11-12 11:00:39,78.2567847,14.3215608,2025_IWOOS_id3
2025-11-12 12:01:23,78.2567626,14.3208512,2025_IWOOS_id3
2025-11-12 13:00:39,78.2566787,14.3203905,2025_IWOOS_id3
2025-11-12 14:01:27,78.2571512,14.3215791,2025_IWOOS_id3
2025-11-12 15:00:41,78.2570882,14.3215892,2025_IWOOS_id3
2025-11-12 16:01:22,78.2569091,14.3202635,2025_IWOOS_id3
2025-11-12 17:00:35,78.2566831,14.3183182,2025_IWOOS_id3
2025-11-12 18:01:35,78.2564962,14.317561,2025_IWOOS_id3
2025-11-12 19:00:50,78.2563433,14.3178951,2025_IWOOS_id3
2025-11-12 20:00:32,78.2563392,14.3179024,2025_IWOOS_id3
2025-11-12 22:01:56,78.2563367,14.3137462,2025_IWOOS_id3
2025-11-12 23:00:42,,14.310165,2025_IWOOS_id3
2025-11-13 00:00:29,78.2563332,14.3136762,2025_IWOOS_id3
2025-11-13 01:03:54,78.2565859,14.314026,2025_IWOOS_id3
2025-11-13 02:01:02,78.2563305,14.3145703,2025_IWOOS_id3
2025-11-13 03:02:08,78.2565463,14.3169832,2025_IWOOS_id3
2025-11-13 04:01:54,78.256807,14.3188736,2025_IWOOS_id3
2025-11-13 05:01:23,78.2566852,14.3178805,2025_IWOOS_id3
2025-11-13 06:00:29,78.2566738,14.3178531,2025_IWOOS_id3
2025-11-13 08:02:09,78.256454,14.3181785,2025_IWOOS_id3
2025-11-13 09:00:09,78.2564816,14.3182692,2025_IWOOS_id3
2025-11-13 10:03:54,78.2560767,,2025_IWOOS_id3
2025-11-13 11:06:14,78.2564223,14.3191279,2025_IWOOS_id3
2025-11-13 12:01:54,78.2566986,14.3195439,2025_IWOOS_id3
2025-11-13 13:00:17,78.2567102,14.3196221,2025_IWOOS_id3
2025-11-13 14:04:26,78.2571146,,2025_IWOOS_id3
2025-11-14 06:25:14,78.2567791,14.319462,2025_IWOOS_id3
2025-11-14 07:00:24,78.25693,14.3203262,2025_IWOOS_id3
2025-11-14 08:01:14,78.2569112,14.3205852,2025_IWOOS_id3
2025-11-14 09:00:43,78.2570109,14.3211496,2025_IWOOS_id3
2025-11-14 10:00:52,78.2569539,14.3208885,2025_IWOOS_id3
2025-11-14 11:00:39,78.2568669,14.3205889,2025_IWOOS_id3
2025-11-14 12:00:54,78.2567279,14.3194795,2025_IWOOS_id3
